-25
-33
13
-26
1
-6
-4
-1
-15
5
-4
-6
-7
29
14
22
-17
4
7
-3
-12
-6
5
-24
-18
-15
-25
3
0
0
0
0
12
9
54
6
67
13
55
62
46
53
38
56
65
64
32
89
25
89
35
50
46
61
57
38
73
6
51
43
0
0
0
0
-62
-42
-53
-40
-55
4
-69
-16
-61
-48
-51
-49
-54
-60
-50
-36
-49
-61
-41
-73
-34
-50
-44
-64
-50
-29
-34
4
0
0
0
0
-42
5
-28
62
53
61
14
62
27
18
4
-4
38
-6
2
3
61
36
29
-13
47
28
10
32
63
49
62
57
0
0
0
0
30
5
-5
-40
2
-50
-37
-24
-44
-44
-43
-9
-19
4
-11
-32
-10
6
-54
-15
-26
-20
-40
0
-31
-47
-20
3
0
0
0
0
8
13
41
45
25
52
81
32
66
35
39
4
66
9
55
53
92
41
62
92
24
71
73
21
69
49
71
15
0
0
0
0
-7
-31
10
-19
-8
-11
-14
-30
-41
-36
-54
-31
-10
-45
-39
-27
-48
-34
-53
-24
-51
-29
-24
-46
1
-8
15
16
0
0
0
0
-42
-32
47
74
22
90
66
35
32
38
13
4
23
56
43
88
23
24
38
71
26
42
77
-3
28
77
67
43
0
0
0
0
1
60
6
26
19
17
-1
34
3
5
3
-37
-38
-54
15
-56
2
23
19
-45
-19
3
-22
13
31
-3
-12
-13
0
0
0
0
-10
50
-12
100
36
63
97
79
78
73
14
10
44
53
51
84
82
68
32
85
61
21
57
83
61
23
51
12
0
0
0
0
-48
-76
-65
-77
-64
-87
-18
-39
-13
-20
-24
-24
-14
-71
-50
-52
-35
-64
-43
-19
-67
-45
-21
-18
-50
-5
6
-20
0
0
0
0
-19
-23
-1
9
83
37
60
-14
34
6
22
5
98
37
9
72
52
29
-10
62
66
24
-5
22
81
57
86
113
0
0
0
0
8
3
-11
3
-54
18
14
49
58
50
45
18
-15
-12
26
-6
13
-27
23
16
26
24
19
-23
3
-6
-13
-8
0
0
0
0
29
59
72
80
91
117
87
87
89
49
61
67
64
89
63
107
76
94
84
107
104
75
62
56
106
70
117
53
0
0
0
0
-41
-5
-33
17
-56
-26
-16
-74
15
-85
-61
-79
-58
-39
-69
-31
-5
-33
-10
-35
-8
-36
-24
-20
-50
6
-25
-25
0
0
0
0
-36
-29
36
46
75
64
81
-10
68
-7
-23
26
-8
38
-17
71
42
43
64
56
-3
47
90
63
4
130
68
71
0
0
0
0
17
21
18
-13
-7
-25
-37
20
7
18
0
25
37
48
52
7
-28
33
17
38
16
10
14
37
45
-7
-13
-11
0
0
0
0
32
1
77
53
124
52
91
92
95
166
86
111
81
60
107
115
102
105
105
153
64
104
52
138
141
74
127
44
0
0
0
0
-9
-44
-19
-60
-33
-26
-10
-8
-8
-5
-15
-22
-30
-18
-61
-33
-44
-14
-30
-33
-13
-65
-52
-64
-69
-16
-6
9
0
0
0
0
-28
-28
0
81
32
41
89
56
27
63
19
11
22
-11
-2
93
81
22
50
59
102
-15
5
44
-1
56
100
94
0
0
0
0
11
4
8
30
73
34
-13
-22
44
-18
37
25
32
37
37
-2
23
10
5
-1
30
18
-15
6
21
3
5
0
0
0
0
0
21
64
46
135
46
69
46
65
102
101
116
98
103
98
87
106
107
72
104
155
92
137
85
115
53
100
94
49
0
0
0
0
-39
1
-17
-31
-18
-41
-53
-40
-55
-31
-31
-18
-28
-19
-48
-48
-15
-41
-14
-29
-17
-41
-34
-5
-9
14
0
-4
0
0
0
0
-20
-43
50
-11
0
45
56
48
40
73
-27
21
35
21
39
29
62
51
87
47
5
53
48
32
17
72
114
81
0
0
0
0
21
3
24
45
53
-20
28
22
28
4
33
-14
-1
70
7
35
23
54
56
29
0
0
2
27
35
21
-32
12
0
0
0
0
40
28
64
83
64
110
153
71
118
73
111
82
117
110
80
135
141
104
163
122
84
93
94
108
66
89
109
65
0
0
0
0
6
-38
-13
11
-21
-44
10
-40
-36
-27
-85
-13
-73
-7
-87
3
-11
-51
-40
-4
-17
-50
-24
-47
-48
-10
-14
2
0
0
0
0
-61
17
10
40
-17
70
40
56
30
66
-35
77
40
7
26
37
48
0
86
77
24
20
24
27
26
49
109
117
0
0
0
0
34
38
15
47
-20
35
-25
28
10
16
62
-42
11
4
4
27
2
4
29
27
27
29
50
20
11
-5
-21
-1
0
0
0
0
47
19
65
90
89
127
82
144
24
168
90
65
119
49
116
102
116
61
88
98
114
130
89
140
66
88
92
43
0
0
0
0
8
-29
-21
4
-63
-27
-5
-49
-56
-25
-2
-35
46
-51
-60
-5
-7
-46
-31
-53
-50
-42
-32
-25
-29
10
23
14
0
0
0
0
-21
-42
15
47
35
32
94
19
47
9
-5
16
20
42
21
39
77
92
42
32
28
-10
7
18
58
77
110
69
0
0
0
0
53
21
49
-7
27
-13
45
-2
26
27
-22
34
40
23
-41
25
-27
16
10
27
36
19
23
-2
13
-1
-2
-7
0
0
0
0
11
85
37
92
92
143
92
136
16
81
80
81
101
95
89
108
100
124
116
123
117
93
102
79
94
88
114
59
0
0
0
0
-24
-60
-17
-80
-8
-37
13
-12
-45
4
-43
-10
10
-32
-34
5
-16
-9
-5
-22
-16
-25
16
-19
-50
-18
16
40
0
0
0
0
-24
-29
51
22
37
3
49
44
-19
81
29
-1
78
-9
67
40
56
-5
71
68
20
32
34
54
39
69
115
98
0
0
0
0
14
26
-38
25
22
89
41
40
-1
31
9
24
14
18
45
28
27
32
1
-17
53
54
39
21
21
10
-32
0
0
0
0
0
83
27
83
84
110
131
109
35
93
60
126
107
55
76
88
79
127
69
30
104
144
105
149
114
62
87
71
55
0
0
0
0
-36
-9
-45
-27
-67
-16
-5
38
-39
1
-62
24
-20
-73
-11
-83
-34
-14
-52
-25
-50
-66
4
-17
-19
-22
-11
-8
0
0
0
0
-20
-9
3
35
-5
22
35
57
18
32
36
-1
61
9
-32
4
59
57
26
64
35
-3
18
26
26
51
107
89
0
0
0
0
-5
9
19
-6
58
4
7
-1
44
6
71
47
13
75
43
23
6
38
-3
23
-4
4
39
29
30
-4
-10
23
0
0
0
0
36
35
75
76
87
74
77
92
73
114
119
82
147
92
143
101
83
83
124
114
129
106
61
118
77
96
81
59
0
0
0
0
-40
-13
-23
-5
14
-15
25
-49
-15
-84
-6
-29
-22
20
-1
-1
17
-12
-67
2
-33
-15
-24
-8
-8
8
22
-10
0
0
0
0
-23
-48
1
21
42
60
83
55
47
6
18
13
9
17
-9
79
14
23
54
46
44
60
49
31
45
57
103
36
0
0
0
0
14
17
46
44
34
20
-33
-13
3
39
27
60
12
28
97
-16
73
-3
36
40
37
9
30
27
28
50
6
51
0
0
0
0
26
43
69
47
119
95
77
133
63
132
96
86
49
83
116
115
115
68
71
108
93
102
145
114
145
70
110
53
0
0
0
0
-6
-11
7
7
-52
-20
-48
14
-39
-7
-3
-24
-47
-27
-57
-70
-9
-76
-48
-27
-64
-9
-33
-27
-20
7
-2
-7
0
0
0
0
-27
-13
12
52
29
96
63
38
35
-30
35
26
61
2
30
20
43
36
0
41
15
24
12
98
-5
31
113
61
0
0
0
0
8
50
8
13
32
-29
29
40
60
32
-6
-9
0
6
-19
20
18
15
42
55
62
77
-6
-12
32
-11
-27
0
0
0
0
0
-26
43
60
104
92
64
112
75
143
74
106
61
88
62
147
105
98
85
86
115
123
95
108
65
100
104
110
82
0
0
0
0
-14
-48
-24
-61
-15
-39
-39
-33
-52
-21
11
-39
-3
-14
-58
-13
-14
-12
-18
-29
-67
-15
-62
-39
-18
-31
40
5
0
0
0
0
-28
-31
68
66
31
38
-1
54
-6
46
42
33
24
53
12
65
-38
33
12
11
6
40
69
54
74
62
140
77
0
0
0
0
-2
24
3
39
16
28
43
27
-5
33
11
9
-15
50
15
38
32
-22
22
7
-16
22
2
13
31
-10
-10
1
0
0
0
0
37
82
52
142
71
107
140
55
122
81
83
102
53
86
45
125
73
85
95
117
95
115
106
119
90
127
99
64
0
0
0
0
-15
-35
-38
-9
-39
-37
7
-25
-27
-36
-62
6
-40
-17
-31
-5
2
-64
9
-35
14
-41
-35
-49
-36
-43
-5
5
0
0
0
0
-2
-20
41
7
20
50
32
19
93
-15
53
32
27
14
-23
-28
95
10
61
95
59
38
80
-5
22
93
91
67
0
0
0
0
27
9
3
5
9
11
47
10
46
28
34
-42
56
17
59
59
-8
32
-2
-6
10
39
25
53
-3
3
27
24
0
0
0
0
22
44
40
60
66
102
107
94
51
139
96
66
124
45
103
107
79
115
72
95
98
126
114
136
81
82
101
36
0
0
0
0
28
-48
-30
-3
-89
-5
-40
-71
7
-53
-14
-25
11
-44
-36
31
-91
-34
-62
-77
-57
-84
-57
-29
5
1
36
2
0
0
0
0
-53
-13
47
58
-11
61
66
26
28
9
45
80
-14
49
35
39
19
62
42
-28
62
-29
16
40
40
75
80
97
0
0
0
0
36
-14
4
-20
-4
-2
5
38
32
81
11
101
2
12
3
23
39
58
16
12
34
-16
-20
4
-2
-3
4
-20
0
0
0
0
12
41
12
75
111
68
136
75
99
105
137
76
87
83
112
103
188
97
139
96
82
72
121
67
87
104
58
79
0
0
0
0
30
-34
-25
-40
-73
-27
-33
-22
-27
-13
-71
-40
-58
-66
-49
-37
-38
-14
-45
9
-7
6
21
7
-69
26
-4
-20
0
0
0
0
31
-10
-29
63
4
52
24
37
30
74
27
12
48
43
31
36
31
-15
25
76
-12
47
102
73
74
115
120
90
0
0
0
0
43
3
34
13
41
16
-16
-22
-9
-8
31
36
59
-39
46
23
33
31
26
12
59
56
27
-8
17
-24
-11
-16
0
0
0
0
23
71
18
85
82
105
71
91
81
126
113
141
80
130
105
103
136
112
67
66
141
88
139
128
115
90
113
58
0
0
0
0
-40
-33
-29
-13
-38
-35
-39
-16
-38
-51
-17
-62
-55
-82
-11
-75
-1
-18
-41
-38
-60
-91
-24
-74
-16
-8
0
5
0
0
0
0
-73
-2
-23
-35
-10
26
89
45
79
89
38
-35
76
12
34
29
57
68
20
32
37
31
9
57
5
98
85
80
0
0
0
0
25
19
38
51
34
36
-21
-38
-38
-12
3
-26
-47
47
-11
8
55
34
12
-6
-6
34
57
21
2
-4
-7
17
0
0
0
0
26
35
39
101
72
86
85
53
116
81
119
98
115
69
80
98
84
116
133
103
99
150
75
136
77
90
55
78
0
0
0
0
-1
9
-5
5
-36
-34
-44
-22
-51
-52
-4
8
-70
-14
-23
-17
-52
-44
-48
-1
-33
-23
-47
-3
23
-6
27
9
0
0
0
0
-7
-21
-37
76
38
-11
34
76
60
28
29
91
19
40
5
68
44
2
39
42
47
13
65
13
83
103
99
56
0
0
0
0
12
4
28
26
71
63
35
58
5
25
11
-37
-18
16
20
-53
21
42
-25
19
40
56
4
31
20
5
28
7
0
0
0
0
-6
54
57
81
146
94
120
76
88
105
59
119
101
85
81
67
89
93
165
120
125
101
130
124
103
97
63
66
0
0
0
0
-45
-35
-51
-60
-39
-45
-24
-49
-42
-10
-21
-40
15
-25
-15
-30
-13
-40
-17
-14
-2
-8
-22
2
-11
14
4
-38
0
0
0
0
-35
7
40
-46
2
-7
15
5
14
45
55
61
37
-20
86
103
-3
75
52
87
36
26
31
105
30
63
119
54
0
0
0
0
4
15
0
47
35
47
44
40
62
15
40
73
25
32
-8
9
1
-15
35
18
15
61
13
53
48
21
-14
44
0
0
0
0
35
45
88
110
99
115
114
116
54
91
104
127
83
145
36
122
92
91
119
130
59
99
106
101
132
101
103
86
0
0
0
0
-34
-55
-30
-13
6
-7
-13
-29
-19
-63
-42
-70
-4
-28
-29
-23
-13
-81
-24
-85
-42
-68
-79
-58
-28
-31
4
2
0
0
0
0
-52
-58
6
13
39
8
76
19
20
67
31
3
44
27
35
45
64
15
82
-19
31
40
40
4
71
90
70
60
0
0
0
0
15
28
6
-13
-10
17
-6
22
19
57
52
66
85
41
-10
38
13
17
26
28
10
-36
28
-8
12
-28
45
-12
0
0
0
0
15
41
27
60
83
127
143
128
134
86
140
170
83
135
105
133
50
140
141
153
85
105
122
146
107
102
63
78
0
0
0
0
2
-27
-2
-27
-30
-51
-42
-16
-9
-34
-15
-29
-35
-20
-63
-12
-63
-29
-4
-5
30
-14
22
-13
-13
14
-7
-25
0
0
0
0
-15
-34
34
39
87
72
10
62
33
-7
43
46
28
1
46
84
22
-18
35
48
61
34
60
62
103
73
78
85
0
0
0
0
57
43
37
16
6
4
2
6
-38
-3
54
8
27
21
39
2
55
72
47
30
-19
2
15
39
-18
-22
-21
11
0
0
0
0
29
62
76
67
85
91
143
67
89
107
69
120
131
108
134
97
127
70
109
67
65
53
128
123
79
56
77
54
0
0
0
0
-49
-54
-62
-21
-69
-27
-41
-22
-2
-14
-8
-69
-10
-68
7
9
-43
-29
-24
-16
-69
-71
-38
-74
-24
8
-10
2
0
0
0
0
-55
-44
12
41
-21
34
60
21
80
53
63
50
46
56
-32
43
15
42
-5
71
36
60
9
61
26
113
63
90
0
0
0
0
0
25
60
25
45
55
25
6
5
-40
-18
1
-2
1
53
34
29
22
22
-5
39
-2
29
6
36
-15
-20
24
0
0
0
0
57
72
108
81
126
72
120
122
98
96
85
112
79
159
51
138
63
112
92
157
82
132
72
126
66
106
66
87
0
0
0
0
-26
-43
-31
1
-25
-7
-20
-35
-17
-34
9
-34
-22
-35
6
-43
20
-56
-21
-37
-17
-31
-25
-32
-59
6
-16
-19
0
0
0
0
-42
5
-23
70
46
46
9
39
76
50
30
46
24
8
60
25
46
31
77
20
-16
17
55
-1
32
81
102
65
0
0
0
0
1
-11
19
-4
27
46
50
36
20
48
-12
-17
19
-6
-3
16
10
-13
26
43
37
24
59
13
10
-67
-41
-24
0
0
0
0
-18
64
55
105
107
105
122
105
90
98
46
89
38
116
44
132
47
150
69
151
93
93
75
98
110
37
80
24
0
0
0
0
-17
-4
-28
-46
-23
-39
-32
-16
-50
-7
-45
2
-6
-38
19
-26
-2
-50
-19
-12
-4
-9
9
-9
-5
9
9
27
0
0
0
0
-22
-33
42
82
51
26
51
21
-2
51
41
42
30
30
45
28
82
25
-6
29
25
46
-45
58
46
129
105
62
0
0
0
0
24
30
2
-5
-22
-15
36
49
58
28
44
27
41
61
13
50
5
21
-13
52
55
28
6
32
23
41
-7
33
0
0
0
0
-5
4
-26
23
-38
9
-20
35
16
7
11
57
14
-15
31
-16
30
30
50
-3
22
-31
-17
-5
54
-13
19
-8
0
0
0
0
-4
-21
24
-24
-30
-29
-3
-37
-5
-19
-1
-25
43
4
-19
-7
-23
-35
13
8
34
6
-5
12
-11
40
-68
6
0
0
0
0
32
13
15
37
-2
6
-3
-12
-17
-7
-29
6
4
43
-16
-38
19
-23
-47
17
-4
4
7
7
26
-9
2
-20
0
0
0
0
16
49
54
108
94
111
127
138
132
87
84
85
125
108
91
118
43
115
84
94
126
142
75
77
90
118
76
46
0
0
0
0
51
9
45
94
35
90
73
111
70
103
58
77
39
139
27
73
82
101
50
138
18
109
67
99
66
86
39
-3
0
0
0
0
32
51
16
58
80
39
65
102
69
91
62
102
65
72
86
58
29
124
57
99
78
85
73
45
87
72
74
14
0
0
0
0
36
18
14
29
72
22
32
2
25
42
39
30
47
31
-10
55
0
41
42
36
-15
55
30
31
11
31
34
0
0
0
0
0
-39
-38
-33
-38
-20
-48
33
-20
12
-13
-31
-44
-19
-20
-39
-22
-26
-30
14
-26
-37
-6
-48
6
-43
-24
-16
-3
0
0
0
0
6
-15
-16
11
-48
-34
-32
-17
10
-29
-21
-33
-30
-16
3
-50
-10
-43
-18
-33
-18
-50
-16
-14
8
21
21
-40
0
0
0
0
28
-24
18
17
13
-2
11
2
11
24
40
-11
2
-6
1
-33
-23
12
1
13
5
30
10
8
7
71
28
28
0
0
0
0
40
32
17
6
31
40
-2
4
-15
17
-3
16
18
34
26
28
22
14
33
49
-1
41
29
-25
-10
-10
21
-15
0
0
0
0
-57
8
21
36
107
73
31
48
41
68
4
14
-4
24
43
41
1
56
58
-2
28
83
88
7
0
42
90
56
0
0
0
0
-3
-20
42
8
51
38
76
10
44
29
49
-18
47
40
40
5
66
-24
28
66
17
32
21
33
18
32
93
51
0
0
0
0
15
-19
7
25
36
35
18
99
48
13
29
49
-22
-6
17
45
-30
65
45
-3
-24
54
21
18
24
60
73
48
0
0
0
0
-16
-8
4
11
-17
12
35
15
-22
56
13
-19
3
14
6
-17
4
7
24
85
-6
-12
59
-13
30
-5
63
13
0
0
0
0
