-81
-66
-40
-17
-45
-45
-93
-61
-56
-52
-61
-64
-69
-22
-45
-55
-73
-53
-51
-27
-58
-56
-66
-66
-40
-39
-38
6
0
0
0
0
29
17
-1
-30
-33
-15
-19
-2
-2
-19
1
-9
1
-15
-31
-30
-16
-28
2
-16
-30
10
-36
13
-26
-5
-12
-28
0
0
0
0
62
31
28
56
61
92
58
70
39
61
70
89
76
44
59
76
48
79
2
62
57
40
102
55
77
55
28
52
0
0
0
0
24
13
-22
16
-32
-16
43
-9
6
-27
22
-17
2
6
-30
35
-7
23
21
-39
18
-3
-19
10
-7
-16
5
-12
0
0
0
0
-89
-97
-85
-62
-69
-78
-94
-140
-138
-71
-99
-105
-118
-88
-55
-96
-115
-92
-119
-120
-77
-53
-72
-100
-117
-63
-50
-10
0
0
0
0
22
-10
-47
-29
-62
-58
-81
5
-65
-66
-46
-51
-73
-91
-78
-74
-77
-26
-36
-28
-42
-23
-34
-77
-56
-70
-56
-54
0
0
0
0
34
22
60
59
33
86
78
56
75
49
54
57
69
65
13
84
84
25
84
48
64
48
50
90
43
53
35
33
0
0
0
0
21
41
31
18
7
16
22
49
82
-4
37
39
56
13
65
-18
70
12
19
81
-19
27
-5
41
62
35
25
22
0
0
0
0
-39
-113
-101
-73
-84
-51
-77
-80
-123
-120
-91
-99
-85
-55
-80
-73
-90
-112
-60
-113
-91
-93
-67
-74
-91
-111
-45
-41
0
0
0
0
8
-24
-28
-91
-50
-55
-69
-18
-45
-31
-95
-53
-48
-45
-47
-59
-27
-46
-43
-33
-41
-81
-96
-80
-62
-23
-66
-60
0
0
0
0
48
3
31
56
2
47
28
42
58
37
24
60
27
15
56
26
39
40
15
80
40
21
51
8
53
11
17
20
0
0
0
0
-21
19
5
45
8
4
-16
29
-17
37
9
-12
57
-14
-11
50
-32
49
18
1
14
-5
14
16
-1
37
10
25
0
0
0
0
-40
-97
-83
-163
-86
-104
-99
-95
-125
-88
-133
-115
-137
-114
-77
-100
-92
-110
-126
-89
-104
-92
-71
-123
-77
-104
-73
-42
0
0
0
0
18
-53
-59
-58
-34
-31
-37
1
-54
-49
-43
-56
-81
-28
-92
-38
-35
-40
-15
-57
-54
-53
-33
-59
-24
-88
-37
-52
0
0
0
0
9
-15
-5
10
29
-4
34
-21
16
9
-31
49
15
-3
13
18
17
16
37
-16
23
3
15
9
13
6
-17
10
0
0
0
0
15
2
26
78
25
17
-18
27
11
23
12
48
28
62
23
-9
80
-6
-2
25
12
47
-13
48
-4
45
43
45
0
0
0
0
-43
-80
-121
-136
-118
-133
-84
-99
-131
-112
-112
-107
-120
-100
-148
-67
-96
-110
-75
-121
-88
-143
-97
-81
-103
-124
-104
-36
0
0
0
0
18
-30
13
-93
-35
-39
-45
-65
-2
-55
-101
-58
-82
-59
-49
-91
-17
-9
-57
-41
-22
-50
-69
-119
-50
-73
-27
-63
0
0
0
0
-21
-14
11
26
-2
-9
27
23
25
29
13
35
43
33
14
23
16
19
5
-5
11
8
31
-13
21
45
31
-4
0
0
0
0
-5
18
32
48
20
59
-21
32
45
21
-3
8
74
22
20
10
13
19
-15
40
18
56
20
-4
68
46
44
29
0
0
0
0
-52
-91
-34
-142
-103
-110
-132
-106
-66
-99
-119
-79
-148
-117
-92
-97
-59
-121
-131
-98
-84
-68
-61
-85
-82
-121
-44
-50
0
0
0
0
22
4
2
-62
-45
-43
-24
-61
-10
-49
-45
-100
-67
-17
-93
-39
-52
-41
-14
-48
-47
-52
-45
-105
-3
-24
-25
-77
0
0
0
0
-5
-12
-13
5
30
-30
41
47
-2
24
-10
9
-3
21
6
11
5
43
35
4
26
-7
14
4
19
27
-4
-4
0
0
0
0
14
-26
43
14
24
16
7
1
23
22
-17
22
57
63
18
-4
16
2
32
17
13
5
12
19
10
19
36
25
0
0
0
0
-67
-60
-72
-140
-102
-110
-126
-106
-92
-148
-96
-114
-81
-116
-140
-76
-102
-96
-104
-160
-121
-110
-86
-144
-63
-118
-11
-68
0
0
0
0
46
-16
14
-33
-28
-55
-28
-101
-33
-66
-93
-50
-68
-38
-58
-99
-52
-22
-49
-54
-45
-82
-83
-42
-28
-66
-51
-62
0
0
0
0
4
13
-14
5
13
20
12
31
13
36
20
-21
17
28
3
1
12
17
40
16
31
-20
25
31
31
-10
-22
-15
0
0
0
0
7
-23
9
18
28
29
17
-35
67
11
9
32
3
33
29
-4
11
11
17
48
13
48
26
40
-1
18
26
42
0
0
0
0
-79
-85
-88
-61
-100
-95
-132
-93
-90
-117
-155
-106
-116
-63
-66
-111
-105
-82
-105
-102
-121
-101
-91
-76
-96
-82
-82
-21
0
0
0
0
9
11
7
-34
-67
-20
-43
-87
-44
-51
-27
-91
-45
-68
-61
-8
-60
-47
-42
-42
-61
-84
-39
-88
-35
-58
-7
-63
0
0
0
0
-4
15
20
18
9
43
19
-14
-19
36
23
34
-10
22
19
6
24
-11
3
-8
-1
30
7
16
7
30
19
7
0
0
0
0
20
-10
36
-29
38
11
17
-9
32
43
41
23
37
31
-3
52
-8
12
12
12
45
70
20
-3
6
37
37
28
0
0
0
0
-75
-78
-72
-98
-110
-110
-115
-145
-87
-118
-97
-91
-115
-109
-130
-101
-84
-114
-90
-93
-131
-121
-96
-92
-81
-80
-70
-45
0
0
0
0
19
27
-25
-21
-76
-51
-61
-47
-79
-46
-81
-66
-59
-60
-45
-58
-61
-26
-60
-46
-65
-69
-50
-65
-55
-40
-42
-86
0
0
0
0
29
10
-8
40
25
28
9
-9
5
-18
12
-15
16
22
21
12
-7
-15
-15
-6
23
9
-1
-11
32
3
18
22
0
0
0
0
13
-25
1
0
-3
-2
49
10
38
18
42
14
27
21
33
35
1
29
5
-8
55
2
72
-40
30
15
54
10
0
0
0
0
-100
-83
-57
-60
-126
-76
-140
-109
-132
-94
-73
-129
-74
-102
-58
-115
-108
-77
-91
-93
-93
-97
-98
-110
-57
-84
-38
-84
0
0
0
0
50
22
-46
-2
-79
-78
-55
-57
-56
-58
-60
-25
-37
-62
-33
-36
-25
-34
-29
-32
-62
-42
-39
-62
-84
-60
-43
-80
0
0
0
0
37
12
-32
23
11
20
-8
19
29
25
-5
16
4
-12
4
-25
46
10
20
21
-11
22
10
11
15
-11
-23
42
0
0
0
0
-1
11
-31
31
17
7
37
38
19
29
-11
24
17
15
14
25
8
31
-32
57
-4
26
48
22
-17
9
64
20
0
0
0
0
-69
-94
-103
-83
-102
-105
-97
-124
-89
-119
-139
-94
-132
-130
-101
-95
-92
-63
-113
-96
-146
-125
-80
-92
-76
-76
-88
-66
0
0
0
0
37
1
-44
-27
-91
-22
-71
-22
-64
-49
-70
-90
-45
-34
-44
-57
-21
-63
-28
-40
-74
-41
-105
-21
-64
-52
-37
-39
0
0
0
0
-3
5
14
-8
21
-3
26
-11
12
-8
9
19
9
12
15
-1
6
0
16
54
-11
2
25
-5
-10
4
30
-1
0
0
0
0
10
-8
14
35
-3
21
34
21
22
37
38
43
16
63
45
20
0
-1
40
16
37
81
26
16
7
30
66
38
0
0
0
0
-78
-104
-91
-115
-116
-52
-80
-114
-90
-89
-90
-122
-104
-102
-102
-106
-83
-95
-81
-86
-93
-80
-123
-81
-88
-79
-80
-37
0
0
0
0
31
-40
-21
-36
-43
-62
-27
-52
-72
-89
-54
-35
-41
-53
-31
-28
-70
-59
-21
-56
-47
-30
-23
-44
-50
-31
-44
-47
0
0
0
0
15
-14
5
38
7
27
-5
35
-21
-26
19
-12
22
28
56
40
44
5
-17
6
25
7
-6
15
6
19
28
-7
0
0
0
0
-10
17
-3
74
-21
18
-15
12
21
16
19
35
20
10
24
13
30
-36
20
5
20
34
22
4
3
59
31
38
0
0
0
0
-26
-112
-107
-142
-131
-102
-100
-65
-87
-88
-118
-123
-123
-80
-99
-104
-152
-155
-72
-123
-98
-109
-127
-76
-66
-91
-57
-51
0
0
0
0
26
-3
-26
-73
-79
-70
-69
-61
-32
-28
-35
-48
-11
-56
-67
-66
-39
-49
-70
-27
-39
-48
-56
-48
-55
-34
-41
-49
0
0
0
0
-6
5
7
0
26
-24
1
33
5
-12
27
52
2
-7
-19
35
25
56
-4
-7
46
37
40
-10
0
39
21
9
0
0
0
0
14
-27
64
41
31
10
47
31
-1
24
26
28
36
19
-37
37
58
75
7
6
27
37
23
20
16
7
35
19
0
0
0
0
-59
-79
-51
-126
-118
-103
-96
-109
-97
-125
-88
-106
-91
-120
-104
-86
-100
-124
-137
-88
-61
-119
-119
-129
-109
-74
-40
-11
0
0
0
0
42
-31
-50
-98
-51
-92
-5
-9
-38
-65
-60
-44
-45
-21
-65
-70
-72
-18
-21
-77
-96
-36
-54
-62
-37
-79
-39
-69
0
0
0
0
1
-33
0
-14
-6
13
8
13
24
36
16
-4
30
5
-4
1
16
5
55
14
11
17
61
32
17
16
13
43
0
0
0
0
-17
9
-30
44
66
22
-1
25
35
7
45
9
29
20
39
-6
32
37
38
17
-14
30
49
37
29
8
38
7
0
0
0
0
-29
-54
-51
-111
-127
-150
-115
-70
-70
-74
-114
-109
-107
-87
-142
-98
-123
-69
-111
-93
-107
-98
-93
-134
-97
-79
-59
-73
0
0
0
0
21
18
-34
-57
-24
-20
-48
-94
-54
-54
-58
-46
-23
-46
-13
-58
-39
-78
-67
-56
-60
-67
-65
-45
-61
-70
-48
-67
0
0
0
0
-16
-24
-26
23
42
9
-7
-4
-29
17
34
-7
-1
46
9
33
8
23
7
37
-6
4
10
37
35
10
24
33
0
0
0
0
-30
-6
3
16
30
48
16
15
28
39
-17
8
4
18
24
27
9
-33
21
33
-8
3
32
49
28
-16
50
23
0
0
0
0
-73
-60
-55
-75
-89
-124
-128
-137
-78
-89
-100
-91
-102
-111
-115
-101
-73
-102
-86
-123
-125
-104
-106
-78
-138
-104
-67
-43
0
0
0
0
70
-26
-23
-25
-81
-100
-35
-39
-42
3
-30
-34
-62
-13
-65
-42
-87
-46
-96
-38
-24
-63
-65
-35
-35
-74
-85
-72
0
0
0
0
-6
-18
-14
-21
10
6
-10
16
27
5
49
6
3
3
21
20
15
-10
11
8
12
35
12
-6
19
36
-19
13
0
0
0
0
39
17
-15
23
37
16
63
51
-12
16
12
-11
18
29
51
-19
51
7
27
20
55
34
21
24
-10
60
50
41
0
0
0
0
-18
-90
-41
-89
-88
-102
-113
-141
-128
-62
-67
-117
-114
-83
-93
-89
-76
-111
-127
-108
-80
-91
-120
-109
-67
-113
-100
-69
0
0
0
0
2
17
-32
-79
-18
-5
9
-24
-38
-98
-65
-49
-67
-76
-42
-66
-86
-49
-39
-57
-54
-31
-18
-59
-109
-56
-54
-48
0
0
0
0
18
2
16
-19
12
-5
-2
45
19
-2
10
19
27
12
-29
12
-22
24
10
-7
-12
-21
33
-14
-17
0
17
3
0
0
0
0
15
9
-36
41
-12
-4
18
48
32
-1
-5
41
17
35
-31
27
-5
30
61
11
26
13
30
13
24
36
76
40
0
0
0
0
-66
-84
-92
-88
-108
-115
-67
-87
-96
-113
-91
-78
-80
-104
-82
-73
-110
-74
-104
-95
-111
-86
-73
-72
-108
-83
-90
-32
0
0
0
0
29
-15
5
-17
12
-48
-72
-55
-81
-55
-63
-56
-1
-20
-78
-48
-66
-51
-68
7
-62
-50
-40
-74
9
-61
-45
-57
0
0
0
0
8
-21
5
13
12
21
13
7
19
-7
24
25
33
26
-26
-10
-10
-10
20
-32
9
-14
-22
32
-10
11
5
21
0
0
0
0
3
16
36
38
27
13
8
36
15
17
12
-7
6
5
13
6
13
27
8
46
-19
-7
17
-11
19
31
23
29
0
0
0
0
-68
-78
-102
-81
-72
-63
-66
-149
-114
-98
-116
-97
-89
-84
-135
-88
-111
-105
-104
-112
-101
-33
-117
-132
-100
-68
-51
-55
0
0
0
0
5
5
-28
-74
-16
-65
-48
-6
-49
-58
-13
-58
-35
-74
-24
-74
-80
-42
-55
-14
-36
-43
-32
-34
-80
-52
-86
-84
0
0
0
0
0
-7
1
39
28
15
7
14
25
17
13
-12
-15
19
7
16
-9
-17
9
25
-6
-2
-45
52
31
-12
14
-2
0
0
0
0
39
9
40
-20
22
-27
-36
42
29
50
40
-1
46
2
60
77
17
29
18
62
7
-26
59
-4
70
-10
51
31
0
0
0
0
-86
-63
-44
-99
-49
-132
-116
-53
-97
-108
-134
-126
-40
-100
-80
-122
-75
-87
-94
-86
-130
-96
-90
-82
-55
-82
-56
-70
0
0
0
0
29
33
-23
-16
-28
-53
-15
-69
-67
-53
-78
-56
-39
-31
-70
-29
-7
-50
-31
-8
-39
-56
-80
-63
-68
-61
-64
-59
0
0
0
0
43
31
2
29
-1
33
40
0
6
10
14
22
-20
-37
28
26
2
16
37
4
7
26
15
29
-33
-13
27
6
0
0
0
0
17
24
-47
-38
20
-13
43
26
-10
42
45
13
16
6
30
47
38
-13
43
-14
16
36
35
31
-12
7
46
47
0
0
0
0
-87
-103
-112
-75
-88
-91
-105
-122
-121
-61
-106
-155
-103
-88
-86
-98
-92
-74
-84
-88
-72
-59
-60
-101
-113
-87
-36
-27
0
0
0
0
13
26
-24
-74
-84
-57
-53
-48
-70
-82
-34
-23
-51
-37
-6
-43
-6
-25
-29
-39
-39
-36
-37
-19
-77
-35
-49
-43
0
0
0
0
12
37
8
18
14
0
43
6
-2
0
-7
39
16
0
6
35
19
15
28
-9
0
31
-1
17
2
-18
12
-30
0
0
0
0
9
29
26
35
61
-9
39
39
23
1
-1
58
21
25
18
15
7
10
-11
49
-7
18
-9
37
11
43
33
35
0
0
0
0
-67
-75
-104
-88
-123
-98
-46
-111
-97
-110
-78
-109
-133
-123
-114
-117
-107
-76
-74
-127
-93
-117
-71
-49
-97
-87
-84
-57
0
0
0
0
6
-27
-49
-47
-43
-9
-82
-7
-10
-66
-75
-56
-28
-63
-83
-53
-61
-49
-57
-6
-3
-62
-77
-48
-24
-37
-50
-50
0
0
0
0
8
-24
11
26
38
-4
-23
18
9
-13
21
2
56
26
36
48
19
5
36
57
51
-26
17
-6
50
7
-7
-8
0
0
0
0
8
-14
-4
59
-9
-6
0
24
55
2
16
32
30
37
28
46
9
-6
2
23
32
13
-17
67
4
46
43
32
0
0
0
0
-69
-112
-76
-121
-92
-111
-111
-73
-73
-96
-88
-106
-84
-117
-96
-129
-141
-95
-122
-55
-96
-104
-74
-81
-113
-89
-60
0
0
0
0
0
34
30
-32
-34
-59
-56
-67
-44
-45
-56
-45
-46
-51
-80
-39
-56
-53
-59
-39
-88
-15
-72
-47
-67
-31
-34
-20
-40
0
0
0
0
12
-3
-1
-25
9
41
11
23
-7
10
53
-25
25
11
23
61
24
38
1
34
51
27
2
20
15
51
7
7
0
0
0
0
6
20
-9
44
2
43
-9
36
13
10
-6
42
1
2
3
64
38
2
1
6
55
43
-3
17
7
52
39
-3
0
0
0
0
-57
-112
-106
-119
-110
-97
-127
-57
-84
-138
-69
-89
-81
-121
-88
-92
-137
-112
-104
-105
-109
-149
-111
-92
-60
-80
-78
-49
0
0
0
0
24
-4
-26
-106
-62
-57
-61
-50
-50
-30
-79
-33
34
-56
-64
-70
-66
-59
-93
-89
-60
-56
-59
-76
-23
-30
-35
-85
0
0
0
0
13
-2
14
24
-4
18
37
-4
37
21
21
-21
-10
-7
-9
-3
18
34
-2
12
26
13
24
17
8
37
17
36
0
0
0
0
-10
46
19
19
72
19
-5
36
10
44
0
37
26
-12
15
21
54
21
30
-33
85
-15
86
9
16
-5
48
5
0
0
0
0
-47
-57
-79
-128
-125
-116
-104
-81
-81
-90
-150
-119
-89
-106
-46
-73
-89
-84
-131
-111
-50
-112
-136
-147
-127
-12
-47
-44
0
0
0
0
-84
-52
-61
-112
-85
-113
-62
-95
-83
-34
-68
-67
-76
-102
-53
-73
-63
-65
-102
-94
-89
-61
-93
-91
-84
-72
-62
-55
0
0
0
0
-11
-76
-50
-68
-103
-67
-91
-84
-55
-58
-55
-66
-67
-79
-62
-54
-64
-73
-63
-18
-86
-39
-71
-65
-56
-54
-46
-55
0
0
0
0
-46
-29
-42
-54
-59
-74
-49
-49
-72
-17
-39
-17
-36
-62
-50
-85
-69
-48
-30
-61
-50
-50
-23
-33
-74
-50
-55
-38
0
0
0
0
24
-16
-9
-83
-49
-28
-52
-94
-46
-61
-36
-57
3
-47
-51
-51
-56
-47
-41
-55
-68
-66
-57
-67
-15
-92
-57
-64
0
0
0
0
56
-11
-26
-30
-45
-52
-36
-45
-40
-38
-68
-45
0
-46
-33
-31
-68
-48
-34
-5
-86
-45
-65
-13
-86
-42
-83
-81
0
0
0
0
-21
0
-39
-75
-57
-73
-49
-45
-74
-26
-48
-55
-47
-49
-57
-88
-48
-34
-32
-45
-44
-23
-51
-25
-72
-61
-61
-46
0
0
0
0
35
-33
-44
-13
-52
-34
-48
-39
-59
-36
-46
-15
-59
-43
-59
-62
2
-48
-37
-5
-42
-39
-26
-25
-46
-38
-74
-39
0
0
0
0
9
-9
-21
23
63
-4
7
13
-18
32
4
22
6
-1
1
-15
5
18
-12
2
-30
4
45
66
-1
16
1
29
0
0
0
0
-12
-23
-30
11
-8
-2
-26
0
14
-29
-16
9
-6
9
-11
-33
-16
-4
-36
-10
-31
-30
9
-25
4
-2
17
2
0
0
0
0
-21
-19
-10
-5
-20
-35
-11
-6
6
16
-21
3
8
-23
-9
-37
-1
-10
-50
-44
-3
-8
-9
-17
-68
-19
-20
-2
0
0
0
0
-17
-6
-17
-21
-6
-8
-2
-14
-23
-15
-24
-31
-24
-54
-39
-24
-11
-29
-22
-22
-26
-19
-45
-28
-21
-30
-21
-25
0
0
0
0
-5
-51
25
30
27
40
1
21
34
-14
32
17
37
13
-5
0
-19
28
30
28
0
28
69
13
27
-11
34
17
0
0
0
0
7
8
6
34
27
-6
58
12
37
-1
-12
-16
47
3
-9
21
-16
49
5
21
29
18
31
6
9
29
66
26
0
0
0
0
-21
-23
6
-24
1
-9
9
28
-18
1
-22
-33
22
-23
13
7
20
-8
-22
8
-27
24
-39
8
-39
33
41
38
0
0
0
0
4
-17
-19
21
-10
14
12
3
9
8
-4
7
-11
20
30
21
37
0
-16
39
5
-18
12
-4
12
44
33
38
0
0
0
0
