36
60
47
83
17
25
30
71
60
89
95
66
83
54
117
60
67
47
100
59
84
66
61
84
65
44
23
6
0
0
0
0
-8
-1
-56
2
-10
-35
-28
-5
-42
-23
-22
-38
3
-30
-17
-38
1
-58
-58
-50
16
-57
-52
4
-30
-30
7
-1
0
0
0
0
-8
11
-9
-2
-45
-45
-22
-56
-1
-22
-17
-3
-24
-8
-36
1
-50
4
-18
-9
-23
-16
23
-20
-22
-2
-38
-31
0
0
0
0
-69
-32
-43
-51
-63
-62
-55
-37
24
-9
-25
-40
-23
-16
-10
-34
-76
-30
-13
-11
-78
-45
-28
1
4
-9
-41
-42
0
0
0
0
78
105
115
85
52
106
31
31
42
14
34
70
75
119
64
84
85
84
80
70
90
94
97
32
60
87
-1
37
0
0
0
0
-37
-41
-26
-45
-60
7
-45
-31
-35
-35
-69
-14
-34
-13
-40
-61
-46
-16
-25
-62
-36
-16
-32
-35
-22
-2
2
-11
0
0
0
0
-39
-52
-25
-79
-7
-26
-11
-65
-28
-51
-10
-18
-60
-35
-45
3
-54
-61
-47
-48
3
-56
-52
-81
-72
-19
-37
-16
0
0
0
0
-2
-27
-52
-53
-46
-68
-44
-54
-16
-69
-46
-7
-71
-95
-61
-33
-21
-47
-54
-10
6
-27
-46
-8
-62
-33
-22
-41
0
0
0
0
129
124
125
122
170
89
89
86
63
85
105
109
112
116
100
110
100
112
83
88
113
28
98
102
118
81
60
49
0
0
0
0
15
-30
-17
-25
-4
-37
-30
-59
-45
-35
-4
-47
-23
-46
-51
9
-20
-59
-49
6
-10
-53
-30
-29
-13
-43
-9
8
0
0
0
0
14
0
1
-87
-48
-45
-47
-52
-52
-83
-89
-1
-20
-37
-45
-55
-38
-32
-32
-100
-65
-46
-18
-21
-64
-56
-64
-35
0
0
0
0
-22
3
11
-48
-18
-20
-42
-2
15
11
1
-11
-70
-38
-29
-55
-56
-12
25
-51
-60
-24
-51
-31
-48
7
-56
-67
0
0
0
0
76
56
101
88
156
88
76
117
78
113
112
89
76
111
149
111
107
101
94
90
126
117
91
106
135
96
80
56
0
0
0
0
-16
-17
-13
-41
-19
-66
-18
-1
5
-21
-59
-26
-18
-12
-38
-82
-50
21
-14
-69
-70
-18
-29
-21
-38
-42
-12
-3
0
0
0
0
-39
-24
-45
-58
-72
-54
-70
-17
-53
-47
-56
-30
-95
-71
-51
-39
-96
-47
-45
-73
-57
-87
-73
-46
-59
-55
-49
-56
0
0
0
0
-20
3
-46
-22
-62
-24
-68
-33
-4
-8
20
12
-13
-72
15
-12
-29
-72
-21
-10
27
1
-39
-16
-47
-27
-13
-27
0
0
0
0
92
113
107
127
45
91
95
57
71
50
54
108
149
126
140
120
96
112
107
120
80
110
137
118
106
63
71
43
0
0
0
0
-32
-41
-6
-6
-85
-40
-3
-39
-70
-30
-41
-31
-33
-55
-46
-15
-31
-67
-24
1
-40
-48
-16
-31
-63
-18
6
-14
0
0
0
0
-1
-24
-2
-122
-101
-99
-58
-70
-5
-52
-94
-25
-93
-93
-88
-95
-75
-43
-38
-96
-95
-54
-49
-69
-51
-94
-76
-98
0
0
0
0
1
24
0
-26
-43
-8
-22
-70
-40
-38
-19
18
-22
-21
-62
-73
-31
-11
16
-50
-34
-5
8
-54
-41
25
-51
-63
0
0
0
0
63
73
121
95
129
146
112
48
124
64
118
109
122
108
114
154
91
107
81
65
60
110
101
63
142
119
91
57
0
0
0
0
-1
8
-15
-10
-22
-44
-17
-25
-39
-52
-33
-103
6
-25
-76
-55
-17
-7
-71
-63
-51
-37
-56
-62
-4
-35
-30
-8
0
0
0
0
-11
-24
-1
-82
-99
-91
-89
-50
-79
13
-112
-8
-24
-94
7
-92
-122
-93
-53
-45
-105
-58
-84
-73
-71
-99
-59
-87
0
0
0
0
25
21
-13
-14
26
-19
-43
-64
-77
-17
3
7
-30
-8
-17
50
-37
-62
-60
-34
17
-38
-4
-43
-61
-22
-45
-25
0
0
0
0
39
87
79
83
115
95
123
135
127
111
52
109
94
115
144
119
133
154
126
95
77
126
117
153
136
92
86
38
0
0
0
0
-26
6
-22
-45
-8
-22
-75
9
-52
-63
-29
-13
-68
-8
-24
-46
-34
-35
-28
-31
-47
-45
-35
-17
-44
-15
7
9
0
0
0
0
-54
11
-58
-64
-88
-66
-108
-59
-57
-52
-32
-74
-34
-109
-67
-85
-99
-52
-101
-101
-89
-57
-83
-79
-20
-67
-85
-115
0
0
0
0
28
6
17
-70
-16
-58
-17
8
-48
-14
-17
11
19
-2
-14
-48
-20
23
-23
-18
-3
-35
5
-14
-13
-10
-46
-51
0
0
0
0
79
104
65
128
81
104
125
105
51
86
93
70
86
109
89
91
123
107
71
113
76
87
122
104
89
83
68
59
0
0
0
0
-18
-7
-66
-4
-50
-41
1
-64
-34
-63
-27
9
-27
-18
-60
-77
11
11
-79
-56
4
-56
-53
-12
-53
-34
-11
-7
0
0
0
0
-25
-58
-3
-54
-3
-69
-89
-122
-69
-91
-37
-56
-52
-57
-23
-66
-74
-98
-84
-74
-73
-72
-66
-85
-68
-25
-67
-102
0
0
0
0
-2
8
-51
-64
14
-21
-1
-46
-40
4
2
2
-35
-41
13
-18
-31
-37
-68
-40
-20
-19
-3
-5
-49
-2
-52
-43
0
0
0
0
96
99
107
122
100
83
85
51
109
54
133
45
100
141
67
126
128
78
121
100
102
108
93
96
126
110
56
77
0
0
0
0
-7
-49
-11
-52
-19
-61
-58
0
-16
-23
-18
-64
-33
-26
-20
-19
-57
-58
3
-33
-46
-36
-52
-45
-2
-25
-27
6
0
0
0
0
14
-7
-51
-64
-73
-40
-88
-46
-114
-70
-51
-72
-51
-120
-79
-80
-67
-70
-77
-90
-74
-23
-88
-51
-126
-88
-69
-93
0
0
0
0
-17
41
11
-14
-30
-23
-10
25
18
-60
-37
3
-15
18
8
-12
-12
-30
-26
-15
-19
-8
4
-8
0
2
-53
-44
0
0
0
0
81
70
107
103
99
118
73
90
76
100
85
90
71
104
60
98
114
78
133
101
133
92
73
118
78
106
50
32
0
0
0
0
-38
4
-9
-32
-50
-8
-39
-1
4
-80
-18
-4
-17
-27
-51
-43
5
-30
-29
-39
-50
-43
-27
1
-23
-19
-14
13
0
0
0
0
-13
-16
-45
-59
-55
-57
-130
-61
-68
-62
-12
-70
-26
-38
-118
-46
-108
-89
-70
-76
-81
-44
-51
-61
-50
-93
-55
-127
0
0
0
0
-11
15
10
-37
28
0
-15
-15
-47
20
-10
22
-46
-45
38
-28
-45
-24
-44
-38
-65
7
-21
9
26
-1
-28
-85
0
0
0
0
47
79
49
82
91
84
75
90
51
120
62
84
86
63
125
132
85
154
97
47
103
92
73
91
88
38
84
58
0
0
0
0
-9
-58
-9
-4
-20
-39
-19
-52
-13
-1
-98
-5
-76
-37
-41
-31
-69
-15
-38
-80
-22
-54
-20
-67
-50
-4
-9
-11
0
0
0
0
12
-22
-31
-115
-84
-11
-36
-51
-33
-137
-39
-97
-40
-82
-78
-58
-97
-62
-69
-78
-54
-46
-40
-83
-100
-99
-107
-84
0
0
0
0
-29
27
-35
-6
-25
-27
-42
-10
-28
-11
-14
-6
16
-35
7
-12
-7
-57
-53
-29
-31
12
6
-42
-38
-6
-35
-34
0
0
0
0
73
86
135
124
111
58
33
65
110
48
125
95
88
109
128
87
111
97
111
150
114
86
109
102
130
103
95
83
0
0
0
0
-10
14
-30
-13
-62
-52
-11
-25
-38
-70
-43
-15
35
-71
-26
-58
-34
-30
-24
-12
-67
-29
-42
-14
-36
-34
5
-12
0
0
0
0
-21
-21
13
-53
-75
-68
-106
-53
-25
-53
-46
-42
-78
-3
-57
-24
-98
-48
-83
-124
-110
-105
-51
-23
-34
-50
-93
-88
0
0
0
0
-25
-7
3
-15
-18
-14
1
-56
-10
-29
-7
-9
-49
-2
-17
18
4
26
15
-23
-51
-26
-23
-60
10
10
-60
-29
0
0
0
0
106
88
108
50
50
120
101
97
111
73
59
111
48
74
59
67
72
129
104
124
114
111
108
78
74
101
40
54
0
0
0
0
-19
-28
-8
-44
-29
-25
-15
-36
-84
-14
-37
-43
-38
14
-59
-26
-44
-4
-40
-28
-38
-69
-48
-47
-46
-34
-41
-11
0
0
0
0
10
-20
8
-61
-71
-42
-113
-89
-64
-38
-64
-14
-59
-52
-44
-97
-83
-75
-56
-27
-38
-89
-41
-113
-52
-33
-53
-87
0
0
0
0
56
-7
-45
-17
-20
6
-26
-38
-26
1
-7
-6
30
-23
-14
0
8
-80
-51
-55
-28
-25
-27
-30
-59
0
-36
-29
0
0
0
0
86
47
123
92
121
96
94
107
84
80
45
101
71
60
78
94
109
86
129
106
94
160
139
123
130
77
48
11
0
0
0
0
7
-25
-50
-27
-18
-56
-30
-26
-30
-28
-49
-29
-7
-39
-25
-39
-13
-74
-62
-34
-47
-38
-20
-65
-33
20
-5
-16
0
0
0
0
-27
-21
-31
-74
-87
-68
-58
-92
-31
-83
-48
-65
-48
-78
-46
-75
-51
-47
-51
-92
-71
-70
-57
-106
-62
-54
-126
-67
0
0
0
0
-2
27
-20
-20
-54
-37
-34
-29
-58
21
-12
-32
-16
-39
-18
-32
-24
14
-13
-29
-20
-33
8
-5
6
-28
-43
-38
0
0
0
0
43
102
96
91
138
97
142
88
36
98
78
46
104
115
138
78
140
105
100
114
112
87
98
106
96
81
95
49
0
0
0
0
-33
22
-13
-89
-14
-62
-33
-35
-46
-44
-19
-60
-78
-17
-29
-81
-16
8
-59
-66
16
-49
-72
11
-42
-65
10
-20
0
0
0
0
-31
-25
-81
-34
-35
-62
-53
-50
-91
-62
-98
-50
-86
-16
-52
-59
-56
-92
-76
-12
-71
-86
-71
-81
-98
-31
-100
-80
0
0
0
0
30
-7
-61
-21
-26
-36
-74
-5
-10
-44
-27
-33
-34
-44
-41
-40
-14
6
-41
-20
-45
-27
-34
-63
-24
-49
-40
-39
0
0
0
0
101
82
80
121
82
118
142
112
121
131
135
93
114
155
47
133
90
80
95
91
85
130
117
125
145
97
63
57
0
0
0
0
-5
-32
-44
32
-36
-52
-56
4
-38
-21
-71
-41
-48
-64
-43
-10
-81
-100
-22
-45
-76
-26
-56
-68
-3
-25
-26
15
0
0
0
0
-31
18
-63
-103
-70
-72
-15
-75
-36
-40
-66
-102
-49
-53
-6
-29
-68
-72
-102
-96
-80
-47
-86
-43
-78
-66
-86
-81
0
0
0
0
7
56
11
-17
-38
-28
1
-63
-10
-63
2
13
-32
-32
-34
-27
-26
10
2
-6
-31
-43
-43
-8
-16
-3
-63
-18
0
0
0
0
39
50
60
83
140
124
81
96
131
95
97
114
147
98
134
91
93
151
102
152
193
130
100
165
45
79
72
11
0
0
0
0
-16
2
25
-60
-29
-13
-69
-53
6
-51
-23
-80
5
-63
-61
-3
-53
-34
-26
-7
-34
-7
-46
-9
-19
-5
9
-2
0
0
0
0
-46
-13
-57
-81
-35
-140
-48
-60
-21
-33
-87
-37
-73
-89
-53
-51
-80
-75
-70
-116
-42
-84
-89
-70
-66
-61
-62
-101
0
0
0
0
14
-28
-3
-15
-26
-25
-55
-30
-47
-42
-41
29
-30
5
9
-8
-61
4
32
-30
-15
-4
-4
-2
43
-30
-20
-33
0
0
0
0
43
77
108
126
108
89
99
112
90
76
74
85
106
102
128
112
101
99
77
46
94
77
102
61
85
50
53
43
0
0
0
0
-45
-37
-38
3
-57
-80
-33
2
-53
-62
-41
11
-63
-20
-21
-48
11
-54
-65
-43
-3
-60
-61
-80
-38
12
-27
-34
0
0
0
0
-3
-10
-8
-72
-57
-82
-120
-75
-106
-34
-65
-55
-51
-114
-87
-14
-92
-43
-44
-44
-55
-75
-85
-91
-110
-133
-100
-97
0
0
0
0
-1
19
-20
-63
3
-4
0
-41
-51
-58
-21
-35
-19
-20
-2
-62
-51
-32
-14
-22
-48
-37
-17
-35
-45
-55
-68
-58
0
0
0
0
83
93
120
104
100
117
105
169
94
133
97
78
77
95
122
93
91
124
122
147
106
169
120
102
152
102
89
45
0
0
0
0
15
-15
-22
-26
-52
12
-37
-55
-27
-49
-26
-32
-58
-52
-24
11
-76
-57
-33
-23
-104
-41
-5
-48
3
-36
-14
-3
0
0
0
0
-18
-12
32
-28
-56
-76
-95
-110
-97
-122
-48
-81
-49
-69
-59
-75
-80
-72
-69
-109
-88
-59
-98
-77
-58
-53
-91
-55
0
0
0
0
17
22
-10
44
-35
12
13
-24
1
-71
-45
-36
-24
16
-40
-2
-40
-65
14
-6
8
-8
5
-45
15
17
-62
-8
0
0
0
0
49
49
83
77
77
142
107
133
121
123
146
73
111
93
124
111
129
101
137
101
94
106
101
121
111
72
30
60
0
0
0
0
-32
-22
-7
-51
-35
-46
-34
-53
-38
19
-63
-75
-11
-51
-24
-56
13
-30
-51
-31
1
-26
-46
-2
-57
-14
-5
-40
0
0
0
0
-12
-47
-30
-47
-7
-41
-58
-71
-80
-86
-100
-70
-98
-92
-44
-104
-36
-65
-41
-84
-34
-70
-51
-84
-78
-83
-104
-86
0
0
0
0
-7
8
-46
-32
-31
-4
-16
-13
2
-51
17
-39
-19
-18
14
-36
-68
4
-27
-1
-26
-59
-7
35
-55
-48
-24
-42
0
0
0
0
87
106
107
104
101
86
96
93
130
112
130
139
96
113
129
59
132
63
89
79
102
91
144
84
99
77
76
51
0
0
0
0
-4
-42
-65
-12
-7
-70
-73
-18
-18
-42
-5
-46
-64
-39
-37
-65
-10
-76
-72
-66
-11
-78
-10
-92
-40
-26
-5
2
0
0
0
0
-2
-27
-39
-56
-74
-47
-48
-50
-72
-63
-97
-57
-79
-31
-94
-94
-109
-89
-126
-81
-112
-27
-115
-71
-67
-50
-87
-81
0
0
0
0
-36
26
-27
-24
-45
-54
27
-13
16
-18
-52
-5
0
-9
-10
-11
-8
-32
-71
-8
7
-37
-86
-54
-63
13
-86
-61
0
0
0
0
125
109
124
84
90
78
77
61
96
114
78
130
87
86
80
150
123
109
135
153
104
107
108
163
95
89
77
56
0
0
0
0
-34
-28
8
-39
-44
-20
-37
-72
-20
-36
-54
-12
-42
-47
-43
5
-44
-21
-57
-6
-21
-5
-106
-15
-30
-27
7
-12
0
0
0
0
-21
30
-47
-46
-34
-71
-87
-78
-30
-19
-90
-66
-89
-51
-68
-115
-64
-43
-52
-95
-69
-55
-52
-73
-115
-79
-28
-63
0
0
0
0
-21
10
-10
13
-2
-17
-35
-4
-37
-5
-33
-25
7
-6
7
-12
-28
12
12
-46
-18
-10
3
-8
28
-59
-20
-40
0
0
0
0
49
110
101
131
117
104
107
137
80
70
93
72
100
80
101
115
82
101
86
70
118
83
121
85
140
88
85
50
0
0
0
0
-21
-29
-49
-26
-28
-37
-44
-30
-46
-10
-16
-63
-1
-2
-40
-31
-33
-15
4
-92
-40
2
25
-60
-49
1
5
-2
0
0
0
0
6
-6
-44
-109
-56
-112
-90
-91
-107
-61
-51
-64
-53
-84
-22
-76
-82
-101
-22
-95
-57
-98
-119
-79
-78
-84
-74
-79
0
0
0
0
-12
-7
4
-25
-28
-20
1
1
-2
-21
-21
-62
2
-3
-23
1
22
-25
-25
-1
47
-3
-75
-22
-36
3
-84
-77
0
0
0
0
69
83
149
114
93
113
92
58
102
79
69
55
101
77
83
44
114
56
66
73
138
75
100
99
84
66
54
42
0
0
0
0
2
-22
-38
-3
-59
-37
-10
-24
-44
-55
-16
-48
-52
-39
9
-57
3
-54
-62
18
-38
-81
-47
-38
5
-39
-29
-21
0
0
0
0
-13
-23
16
-73
-43
-29
-64
-76
-97
-83
-84
-63
-100
-37
-87
-40
-63
-55
-81
-80
-118
3
-82
-66
-113
-85
-46
-66
0
0
0
0
6
-41
-57
-7
-18
-61
-15
-14
28
-13
-22
-25
-43
-32
4
-84
-26
13
-6
-69
-38
11
2
-41
-27
-8
-51
-42
0
0
0
0
106
87
129
84
92
105
77
117
101
101
113
107
115
122
90
93
77
94
89
108
130
123
77
103
137
138
46
70
0
0
0
0
78
87
79
108
110
98
92
49
66
68
56
68
95
74
67
103
150
89
121
79
20
73
50
20
79
45
63
27
0
0
0
0
44
35
14
78
62
36
71
49
49
40
69
73
47
40
100
35
27
100
55
19
84
34
77
78
48
45
40
47
0
0
0
0
9
19
38
22
20
56
26
26
-3
-1
-4
-16
-3
17
-27
30
8
-7
17
3
-2
17
32
21
-6
28
8
5
0
0
0
0
-15
-14
-27
-52
-22
-39
-64
-29
-18
-30
-28
-11
-57
-40
-36
-33
-87
3
-8
-98
-34
-29
-21
-5
-59
15
-2
4
0
0
0
0
0
31
-22
-34
15
-1
-9
-27
-24
-14
4
-63
17
-57
-36
-1
-7
-93
18
37
-62
-57
25
-36
-2
-23
4
18
0
0
0
0
17
-8
5
29
-17
-25
17
2
4
-37
23
50
-44
23
28
-18
20
25
-22
-12
30
14
-31
50
-40
-13
31
12
0
0
0
0
-23
43
10
-26
-12
31
-18
6
3
13
-31
-4
16
-19
7
8
-32
2
6
15
16
-34
34
-4
23
-4
-10
17
0
0
0
0
-14
-5
-30
-95
-77
-53
-49
-75
-108
-96
-99
-77
-47
-70
-27
-80
-80
-69
-83
-30
-71
-96
-24
-67
-45
-162
-96
-90
0
0
0
0
-8
-30
-19
-90
-78
-83
-19
6
-43
-43
-45
-66
-23
-89
-74
-20
-55
-34
-24
-53
-43
-50
-65
-49
-6
-67
-101
-77
0
0
0
0
-24
-34
-40
-74
-112
-89
-113
-42
-72
-48
-86
-53
-64
-31
-92
-55
-75
-54
-63
-47
-82
-109
-79
-76
-38
-78
-79
-78
0
0
0
0
-31
-47
-41
-41
-58
-87
-74
-64
-48
-30
-12
-54
-40
-66
-60
-57
-60
-54
-47
-53
5
-59
-52
-64
-10
-26
-58
-62
0
0
0
0
30
4
8
-14
-21
-16
-7
-31
6
17
-18
-32
-21
-10
-12
-8
-26
-61
-20
-6
-26
19
-17
13
-2
29
-4
-58
0
0
0
0
48
41
-31
8
31
-33
-7
-2
-20
19
41
29
0
8
-2
1
-24
55
2
15
8
36
35
-25
-24
17
-13
-20
0
0
0
0
25
68
24
4
-8
20
5
-26
8
41
1
17
43
23
50
23
18
-4
21
16
33
27
42
46
7
-22
18
-14
0
0
0
0
52
28
32
-16
7
-4
-24
-20
-32
-58
2
-4
-10
-6
-20
-12
-6
-24
-21
-36
-29
-16
-29
19
-27
11
-46
-13
0
0
0
0
