-48
-1
-26
-11
-27
-14
-26
-19
-23
-39
-17
-24
-6
13
2
3
-39
-34
-30
-41
-8
-4
-8
-9
-41
20
9
26
0
0
0
0
53
27
47
14
63
46
23
53
69
34
26
52
63
74
32
51
60
66
68
73
50
41
70
47
39
-3
4
4
0
0
0
0
46
18
66
36
34
42
45
35
62
52
67
54
56
65
56
66
70
60
46
84
69
56
68
64
34
18
4
-4
0
0
0
0
-28
-8
10
0
-4
-9
-6
30
41
25
-3
18
41
29
-21
11
6
43
37
29
6
5
16
34
-8
-25
-2
6
0
0
0
0
-22
-52
-40
-14
-20
-16
-63
-92
-38
-65
-54
-41
-82
-40
-42
-44
-75
-60
-71
-92
-73
-51
-62
-32
-43
-14
-17
-24
0
0
0
0
-3
64
44
78
13
77
31
55
26
70
33
72
46
45
76
66
54
41
23
55
71
51
53
51
48
4
28
-12
0
0
0
0
68
74
58
45
48
91
79
45
74
77
61
61
73
61
55
67
74
72
46
104
57
42
42
78
39
25
8
12
0
0
0
0
-23
-11
19
36
2
8
-1
-32
-20
-37
-9
-26
-28
-28
-8
-13
-29
-71
-59
-22
-32
-21
-25
-9
-18
-8
-4
1
0
0
0
0
-77
-49
-119
-44
-49
-61
-39
-79
-51
-74
-41
-63
-90
-88
-51
-25
-68
-16
-96
-61
-74
-9
-79
-41
-57
-15
-12
-25
0
0
0
0
60
-14
27
32
45
35
9
17
33
28
15
4
32
13
42
-11
54
5
68
-11
51
-10
33
1
96
3
7
-10
0
0
0
0
54
57
79
68
46
58
36
99
61
56
41
80
76
27
54
78
85
70
82
83
84
54
76
53
44
35
7
15
0
0
0
0
-16
-23
-35
-38
-18
-18
-51
-41
-47
-32
-36
-19
-42
-53
-17
-31
-2
-11
-25
-21
-52
-34
-10
1
-17
-19
-19
2
0
0
0
0
-38
-30
-86
-57
-55
-27
3
5
-9
-17
-3
-24
-42
-14
-85
-46
-67
22
-26
-45
-84
-36
-66
-24
-5
-6
11
-24
0
0
0
0
7
5
52
-18
22
40
7
25
24
25
22
51
8
-28
-6
6
36
-14
36
-12
48
-60
40
-4
9
2
20
-7
0
0
0
0
42
59
90
44
40
115
9
14
87
44
28
86
65
44
66
39
30
7
68
41
70
6
53
70
28
56
5
-14
0
0
0
0
-56
-26
-41
-62
-74
-58
-33
-38
-64
-57
-4
-7
-41
-81
-66
-57
-62
-87
-66
-55
-96
-89
-52
-49
-47
-26
-18
23
0
0
0
0
-74
-28
-78
13
-47
-8
-10
-1
-37
-5
-47
-26
-92
-31
-94
-67
-10
-33
-7
-37
-9
-39
-70
-69
-42
10
43
44
0
0
0
0
59
19
56
22
19
2
54
25
25
10
12
-6
78
10
8
-2
22
47
-1
30
33
5
14
8
45
5
14
37
0
0
0
0
68
35
103
71
61
40
49
39
69
-13
2
57
80
22
64
69
78
74
22
33
67
52
55
77
60
24
45
39
0
0
0
0
-28
-21
-13
-79
-74
-62
-40
-64
-77
-93
-68
-19
-62
-62
-76
-73
-62
-30
-52
-45
-49
-81
-38
-54
-58
-30
-27
-5
0
0
0
0
-44
-46
-98
-42
-31
-46
-16
-31
-28
5
-70
-58
-38
-15
-50
-74
-74
-51
-22
-24
-18
-34
-74
-79
-59
-39
4
-34
0
0
0
0
9
-5
81
36
26
-10
41
24
-27
-27
15
4
24
13
20
40
-11
-4
6
25
43
-2
-4
9
4
5
-18
11
0
0
0
0
28
93
92
54
41
29
58
38
5
17
78
31
53
65
72
81
-3
55
62
44
38
34
51
59
46
19
-4
-27
0
0
0
0
-103
-48
-64
-55
-99
-67
-70
-66
-63
-54
-55
-45
-33
-74
-55
-49
-98
-89
-58
-58
-47
-67
-69
-83
-108
-72
-27
-8
0
0
0
0
-75
-48
-76
-19
-28
-52
-52
-62
0
6
-18
-3
-53
1
-92
-33
-77
-40
-55
-22
-24
13
10
-32
10
-23
28
22
0
0
0
0
31
-12
32
60
13
45
-21
-2
25
-9
-36
-28
63
-10
18
-14
31
-51
13
-36
25
38
46
53
1
44
-22
14
0
0
0
0
76
43
91
122
36
59
54
24
29
23
37
30
69
40
14
51
94
-7
22
30
50
49
85
89
62
22
32
26
0
0
0
0
-39
-60
-49
-35
-40
-2
-37
-50
-29
-75
-73
-88
-78
-75
-53
-73
-93
-99
-76
-85
-88
-47
-28
-33
-46
-10
3
-13
0
0
0
0
-50
-18
-91
-38
-65
-53
-55
-84
-18
-19
-22
47
4
34
10
-13
-10
-27
-30
-59
-20
-25
-5
-41
7
-61
6
-51
0
0
0
0
22
0
79
8
12
-1
11
15
15
25
69
5
29
14
33
15
37
-3
-45
27
-14
6
11
53
4
27
-33
58
0
0
0
0
51
69
92
57
19
53
74
36
21
78
29
17
45
42
76
64
68
30
40
54
20
12
63
63
-5
49
-1
14
0
0
0
0
-56
-45
-55
-51
-102
-58
-83
-86
-71
-55
-53
-50
-96
-55
-45
-16
-42
-62
-40
-85
-100
-48
-76
-70
-70
-47
-20
-19
0
0
0
0
-84
-55
-97
-46
-36
-5
-48
-18
-42
-25
-55
6
-54
-57
-28
-52
-16
-28
-2
-64
-15
-54
-25
-23
10
-18
21
9
0
0
0
0
41
0
20
4
19
5
30
-16
-5
27
3
6
22
0
0
80
23
52
14
17
-34
82
-39
31
7
11
-11
-2
0
0
0
0
49
26
83
49
68
60
49
50
56
25
37
20
33
24
3
66
62
44
27
64
19
93
49
30
55
36
-33
13
0
0
0
0
-70
-60
-57
-97
-70
-58
-57
-84
-85
-71
-28
-34
-79
-70
-101
-89
-61
-68
-48
-64
-80
-75
-65
-69
-70
-54
-31
-30
0
0
0
0
-54
-68
-74
-33
-8
4
-47
19
-57
-21
-51
-21
-22
24
6
-25
-12
-13
-5
-26
-32
-26
-54
13
-7
-8
38
5
0
0
0
0
-9
-12
21
-2
6
29
61
19
81
-38
41
18
31
-29
47
18
37
28
42
64
32
0
35
28
-19
33
-7
31
0
0
0
0
63
84
93
24
26
54
82
13
96
54
74
70
44
55
47
84
54
35
68
68
57
54
71
29
44
33
13
33
0
0
0
0
-69
-57
-76
-87
-50
-49
-46
-25
-38
-49
-41
-60
-68
-45
-64
-68
-65
-26
-9
-26
-38
-71
-62
-52
-9
-16
-4
-1
0
0
0
0
-33
-54
-69
-33
-47
-46
-29
-36
-23
-29
-42
-56
-73
-47
-83
-36
-59
-11
-1
-25
-20
-61
-80
-55
-74
-2
37
28
0
0
0
0
-17
2
13
21
-10
9
19
55
4
28
14
-13
44
9
2
-24
11
12
6
36
21
22
-6
-9
8
11
2
22
0
0
0
0
15
55
78
40
8
50
47
39
72
54
21
72
50
-14
46
50
42
53
61
18
49
24
11
17
34
3
6
7
0
0
0
0
-90
-78
-102
-98
-103
-57
-55
-67
-44
-44
-45
-76
-50
-47
-77
-75
-103
-92
-81
-52
-66
-91
-85
-108
-105
-69
-51
-45
0
0
0
0
-39
-10
-68
-7
-26
-26
-28
-38
-53
-35
-29
-9
-53
-38
-55
-66
-30
-50
-49
-42
4
-15
10
-28
-55
-24
15
-3
0
0
0
0
61
33
41
15
8
-22
32
4
27
37
51
1
21
1
-14
31
-33
6
-6
46
-12
27
-10
11
-2
25
-15
1
0
0
0
0
23
62
96
51
50
58
84
87
27
36
79
12
39
60
55
39
37
26
52
79
34
54
69
77
47
50
-4
15
0
0
0
0
-34
-8
-37
-56
-76
-27
-57
-99
-32
-30
-41
-39
-45
-79
-72
-61
-86
-25
-51
-29
-29
-37
-16
-36
-39
-3
-21
9
0
0
0
0
-65
-47
-78
-28
-20
-46
-26
-19
-24
-8
-1
-38
-11
-42
-43
-68
-43
-58
-56
-48
-62
-52
-40
-46
-21
-9
9
7
0
0
0
0
32
-14
45
25
48
3
35
10
-6
15
40
34
19
33
26
29
34
16
-32
3
23
7
51
39
1
3
17
0
0
0
0
0
67
55
63
65
29
30
45
63
22
96
52
22
78
49
30
100
56
26
37
76
25
46
27
67
29
54
19
-7
0
0
0
0
-81
-50
-60
-80
-65
-65
-75
-73
-105
-44
-22
6
-11
-11
-29
-25
-29
-66
-47
-54
-105
-55
-42
-70
-72
-62
-57
4
0
0
0
0
-61
-93
-38
-17
-37
1
-83
-10
-50
-43
-42
-14
-2
-23
-2
-59
-55
-31
-66
-24
-51
-17
-31
-25
-4
-12
1
13
0
0
0
0
-40
6
35
-14
10
-8
58
-8
31
0
-14
-6
16
36
5
16
55
-18
83
11
10
-12
61
7
63
40
-15
6
0
0
0
0
56
60
60
48
41
17
54
31
73
17
34
48
11
38
22
47
80
60
57
68
50
34
83
68
48
70
-17
12
0
0
0
0
-107
-96
-59
-86
-62
-41
-49
-71
-78
-111
-118
-114
-94
-81
-67
-63
-72
-73
-31
-68
-90
-89
-73
-32
-20
-51
-42
1
0
0
0
0
-40
-52
-39
-31
-38
-29
-21
-54
4
-50
-24
-36
-35
-26
4
-41
-3
-21
-41
-17
-31
-14
-47
-13
-30
31
-21
8
0
0
0
0
19
-10
23
-5
22
2
39
19
3
-7
-6
-3
-38
-5
-9
-8
1
30
6
32
17
-13
25
34
40
9
27
-28
0
0
0
0
25
73
60
53
57
54
86
55
13
65
27
17
33
63
21
19
64
21
57
75
41
41
79
27
60
47
9
-32
0
0
0
0
-39
-47
-43
-36
-53
-37
-78
-54
-56
-53
-42
-23
-90
-84
-88
-82
-76
-72
-33
-47
-55
-79
-67
-69
-65
-41
-23
8
0
0
0
0
-58
-67
-67
-69
5
-13
-12
-40
-37
-25
-41
-22
-17
0
0
25
14
7
-39
-40
-24
21
-37
20
-16
9
23
7
0
0
0
0
31
11
40
65
8
37
15
36
-9
33
17
41
15
29
-15
39
40
-36
55
52
26
28
42
-2
40
38
-8
1
0
0
0
0
39
61
71
50
51
69
48
49
49
18
35
64
56
28
51
68
41
24
101
59
32
43
82
27
69
36
16
12
0
0
0
0
-68
-59
-69
-76
-70
-67
-58
-55
-42
-64
-25
-64
-43
-58
-66
-43
-66
-74
-60
-82
-72
-68
-69
-65
-63
-25
-11
-8
0
0
0
0
-56
-40
-47
-33
-36
-27
-79
-27
-40
-41
-58
-76
-65
-38
-70
-76
-37
-36
-46
-23
-30
-54
-84
-74
-46
-63
26
-23
0
0
0
0
10
16
12
9
19
20
-1
-18
40
-28
40
17
4
9
20
10
27
58
5
19
34
3
-5
42
0
7
-3
53
0
0
0
0
70
47
97
59
5
22
41
23
39
16
109
48
-3
31
28
10
64
61
57
106
41
18
68
23
15
75
15
29
0
0
0
0
-63
-74
-68
-61
-35
-41
-84
-82
-100
-35
-45
-91
-63
-61
-57
-63
-73
-52
-62
-56
-77
-12
-38
-70
-54
-55
-30
-19
0
0
0
0
-37
-32
-55
-28
-16
-13
0
-22
-9
-25
-13
-22
-14
-40
-51
-37
-54
2
-96
-32
-67
-74
-33
-45
-23
-29
-5
-15
0
0
0
0
-9
17
25
-4
12
5
6
40
-40
65
-20
50
4
32
3
-4
35
18
18
53
13
-5
25
2
-6
6
11
-27
0
0
0
0
27
71
79
12
57
56
55
31
24
62
53
79
87
49
70
56
42
35
84
38
49
78
62
73
44
38
-21
26
0
0
0
0
-83
-40
-51
-61
-52
-74
-46
-35
-61
-39
-29
-8
-25
-57
0
-67
-42
-26
-44
-29
-62
-74
-45
-89
-71
-38
-21
-12
0
0
0
0
-33
-69
-29
-80
-31
-52
-44
1
-41
4
-68
-13
14
-45
-31
-40
-69
-27
-78
-39
-35
-63
-65
-49
-32
-29
45
-18
0
0
0
0
-31
32
-17
69
-30
3
2
-12
15
-10
49
45
-24
30
11
26
-1
-13
27
0
17
4
38
3
1
52
-6
12
0
0
0
0
11
36
52
53
60
22
8
46
45
16
52
36
7
60
58
27
67
49
14
58
77
36
34
99
17
53
49
-1
0
0
0
0
-93
-67
-38
-76
-66
-79
-59
-76
-86
-53
-66
-70
-53
-61
-46
-54
-68
-54
-64
-62
-74
-42
-41
-66
-63
-33
-37
7
0
0
0
0
-29
-36
-68
-49
-43
-68
-26
-47
-7
6
-35
-1
-27
33
2
4
-18
-29
-33
-15
-65
-6
-51
-16
-35
-32
35
-23
0
0
0
0
6
-11
39
44
-9
22
1
16
35
9
48
7
70
25
12
32
40
-32
12
7
7
-5
13
29
21
11
-14
55
0
0
0
0
28
52
58
92
13
68
66
41
38
65
79
68
39
51
24
16
98
17
41
92
14
29
85
0
50
73
-12
9
0
0
0
0
-62
-18
-27
-60
-66
-53
-56
-60
-63
-71
-75
-44
-81
-36
-51
-72
-63
-108
-44
-89
-80
-99
-94
-70
-68
-66
-54
-26
0
0
0
0
-46
-39
-43
-25
-34
-43
-51
-15
-48
10
-74
2
-36
-20
13
-37
-18
-29
-47
18
-53
17
-13
-52
9
-36
36
-18
0
0
0
0
9
-12
-5
35
49
12
-6
40
30
22
20
39
-21
19
52
26
8
35
10
-22
72
-17
24
39
-35
43
-17
4
0
0
0
0
5
25
54
65
75
53
62
23
66
59
51
60
45
54
36
37
14
57
22
17
97
54
66
63
32
45
-14
24
0
0
0
0
-76
-50
-37
-49
-70
-67
-50
-65
-18
-59
-67
-83
-76
-28
-65
-44
-42
-92
-99
-43
-62
-53
-68
-84
-51
-35
-56
-5
0
0
0
0
-66
-18
-47
18
-6
3
-56
-28
-67
3
-58
-9
-33
-12
-33
41
-65
70
-59
-64
0
-24
-11
-29
-40
-20
32
-15
0
0
0
0
-19
-10
30
46
21
19
69
-4
62
-2
71
11
43
-28
11
27
35
-32
30
45
-9
18
24
16
1
17
-17
1
0
0
0
0
59
41
47
46
72
54
68
57
61
31
102
58
39
-3
53
63
40
9
75
45
8
9
54
77
6
13
46
-6
0
0
0
0
-78
-66
-56
-67
-62
-64
-74
-47
-57
-33
-65
-94
-72
-91
-48
-74
-87
-30
-67
-94
-71
-76
-80
-67
-55
-62
-10
-14
0
0
0
0
-66
-21
-60
-30
-12
-14
-47
-33
-72
-24
-44
-26
-68
-40
-102
-42
-77
-7
-52
-46
-37
-55
-8
-48
-5
-55
25
-39
0
0
0
0
-2
-14
29
31
39
43
20
2
49
31
58
-6
43
-41
48
-65
42
8
6
-15
32
47
-30
26
2
58
-22
15
0
0
0
0
29
51
59
60
40
31
90
76
77
61
68
66
16
24
63
1
63
16
58
95
22
57
25
42
29
64
9
27
0
0
0
0
-91
-33
-77
-68
-29
-33
-42
-54
-47
-28
-32
-30
-45
-27
-45
-66
-52
-45
-81
-36
-54
-44
-38
-29
-72
-26
-23
-19
0
0
0
0
-47
-38
-51
-54
-54
-40
-57
-41
-70
-29
-58
-29
-44
-70
-57
-57
-35
2
-34
13
-41
-36
-39
-70
-5
-43
32
-48
0
0
0
0
30
-3
16
-24
25
17
38
8
25
15
23
27
22
18
17
21
45
3
41
16
15
-33
31
21
-20
28
-45
64
0
0
0
0
26
38
71
23
35
85
59
51
53
81
14
34
70
26
95
69
51
95
28
37
61
43
39
57
33
39
-19
27
0
0
0
0
-35
-19
-57
-83
-77
-60
-38
-72
-78
-68
-84
-29
-47
-12
-41
-67
-27
-51
-24
-35
-100
-65
-43
-53
-71
-85
-31
-7
0
0
0
0
-50
-46
-56
-46
-65
-81
-51
-8
-52
-14
-47
-19
-49
-71
-62
-70
-83
-53
-57
-42
-32
-41
17
-22
15
6
18
10
0
0
0
0
-73
-40
-77
-40
-65
-73
-102
-55
-98
-62
-36
-37
-61
-37
-48
-4
-55
-55
-46
-60
-40
-31
-79
-58
-38
-19
12
-45
0
0
0
0
-27
-17
-38
-34
-56
-16
-42
-37
-57
-38
-27
-3
-29
4
-34
0
-55
-24
-43
-79
-23
-18
-4
-38
-29
-38
-2
-31
0
0
0
0
-19
-11
-12
-18
-42
-21
-35
-44
-55
-63
-24
-57
-27
-18
-35
-23
-76
-45
-25
-43
-54
-89
-54
-47
-6
-51
-20
-30
0
0
0
0
38
18
11
-3
30
-30
74
3
42
-44
19
-35
7
6
44
-22
-3
31
62
20
31
0
-11
50
-8
-6
12
-31
0
0
0
0
-14
-19
41
-51
-22
-27
-3
-28
-11
-60
-40
-69
0
-46
26
-43
8
-83
-52
13
-43
-15
-9
-21
-31
13
-61
16
0
0
0
0
-5
-49
0
-21
12
-11
-17
-56
-15
-34
-66
-42
4
-17
6
-14
-5
-21
-38
-13
15
-22
-69
12
-24
-17
-42
16
0
0
0
0
-18
1
-24
-25
1
-26
-20
-20
-45
-7
-24
-23
-3
8
-22
-37
4
12
-15
-13
-55
10
-14
-4
-68
-2
-8
8
0
0
0
0
34
93
14
50
72
63
83
71
69
34
21
12
42
93
40
43
63
54
16
54
83
11
21
84
25
24
-10
-4
0
0
0
0
15
42
43
-12
27
20
51
21
15
-9
-30
3
19
40
57
16
31
-10
33
44
-14
8
38
-19
-14
-11
5
13
0
0
0
0
14
12
33
38
34
9
52
17
45
-3
1
-15
57
10
57
14
15
39
16
49
53
-9
29
43
12
15
2
-3
0
0
0
0
-15
11
1
-11
51
-6
-15
12
-8
13
14
4
22
-12
4
9
22
-24
14
27
14
19
3
16
-19
31
11
31
0
0
0
0
-36
6
-22
-35
-69
-69
-59
-53
-42
-58
-83
-69
-69
-33
-73
-75
-94
-91
-23
-29
-98
-100
-79
-52
-59
-55
-32
11
0
0
0
0
-67
-52
-66
-65
-70
-97
-101
-101
-77
-107
-103
-84
-93
-83
-102
-65
-68
-77
-103
-102
-37
-45
-66
-78
-74
-58
-9
-11
0
0
0
0
-29
-28
-48
-20
-41
-26
-60
-52
-37
-43
-39
-66
-4
-25
-34
-29
-24
18
-32
-40
-67
-30
-12
-24
-48
-24
-9
-15
0
0
0
0
-40
-41
-48
-62
-62
-58
-57
-46
-60
-49
-72
-65
-56
-70
-68
-75
-69
-34
-67
-55
-39
-52
-32
-52
-48
-17
-17
-6
0
0
0
0
11
-20
-25
-21
-1
-31
-27
-46
-33
-59
-43
-42
-28
-18
-57
-52
-17
-37
-50
-59
-64
-46
-27
-34
-37
-55
-31
-14
0
0
0
0
40
77
62
43
74
64
39
97
45
57
44
85
89
85
59
85
62
101
94
99
79
82
97
63
80
25
35
16
0
0
0
0
10
24
-3
4
-23
-39
24
17
-6
33
-11
-17
-22
-25
11
17
-8
8
16
11
11
-1
-51
-37
-1
-15
-23
-31
0
0
0
0
12
13
21
13
-15
6
-2
-2
-6
-27
-12
-22
-18
-12
-25
-12
-27
-30
-19
-7
1
-41
-37
-23
-15
-9
-10
-20
0
0
0
0
-34
-33
-37
-39
-38
-64
-50
-41
-100
-77
-45
-36
-61
-65
-47
-54
-58
-81
-100
-48
-54
-49
-62
-68
-33
-37
-10
-19
0
0
0
0
22
66
95
65
56
71
84
99
145
77
87
91
148
120
122
100
102
98
129
109
118
111
100
108
72
57
64
39
0
0
0
0
2
-10
-3
-12
14
-22
4
3
14
14
-16
4
48
33
-60
-20
-14
15
44
-4
-8
-9
-14
30
7
-40
-21
-27
0
0
0
0
14
-27
-13
4
-15
-52
8
-12
-23
-15
-10
-8
27
25
-26
-16
7
-8
19
-2
-13
18
-6
17
10
-32
-13
-1
0
0
0
0
-36
-40
-56
-63
-56
-70
-56
-41
-16
-21
-43
-64
-31
-49
-43
-81
-28
-27
-26
-43
-72
-61
-36
-52
-42
-36
-51
-8
0
0
0
0
74
36
78
71
106
88
29
65
57
80
28
42
30
70
67
19
59
37
61
71
21
33
45
48
58
12
21
32
0
0
0
0
-15
3
22
19
-46
-39
25
-47
-82
-34
-31
-16
-17
-12
-35
-23
-15
-83
-92
-31
-26
-30
-35
-29
-16
-43
18
7
0
0
0
0
-16
17
26
6
-37
-11
21
18
22
27
19
3
17
19
13
40
0
-18
10
31
-13
23
-11
-5
-28
2
9
3
0
0
0
0
-49
-53
13
-48
-67
-35
-54
-41
-20
-3
-71
-23
-59
-68
-43
-57
-41
-59
-52
-39
-32
-80
-53
-47
-74
-56
-29
-11
0
0
0
0
11
52
38
47
93
24
19
58
-5
22
52
23
14
-7
43
71
41
16
13
29
45
6
45
5
9
-14
-6
16
0
0
0
0
-19
-15
-68
-38
-9
-85
-38
-73
-75
-17
-61
-55
-26
-43
-35
-72
-45
-41
-26
-20
-62
-40
-69
-41
0
-49
-42
-19
0
0
0
0
17
1
-1
-12
50
38
-23
-19
-4
2
-17
-5
-27
13
-42
21
-6
-18
18
29
-38
9
5
-3
-6
-41
-12
-32
0
0
0
0
-19
-35
-66
-78
-34
-26
-36
-73
-67
-63
-71
-75
-30
-75
-40
-46
-80
-46
-52
-86
-46
-57
-40
-70
-67
-43
-45
-28
0
0
0
0
59
32
87
7
56
36
96
60
17
40
47
41
40
59
39
40
56
31
47
61
14
-30
72
38
75
2
-2
38
0
0
0
0
-61
-25
2
-7
-42
-69
-43
-31
-45
-33
-36
17
-15
-55
-51
-15
-16
-97
-73
-29
-66
-40
14
-28
-27
-65
-31
-25
0
0
0
0
-14
29
10
-18
12
-15
-27
12
-29
-51
-1
37
-30
-28
36
29
3
-28
-34
-33
-19
-26
39
-21
-19
-23
-23
-34
0
0
0
0
-13
-63
-37
-71
-43
-67
-48
-55
-64
-69
-24
-50
-62
-64
-42
-30
-61
-68
-46
-51
-61
-72
-61
-38
-32
-47
-26
-27
0
0
0
0
-8
71
85
74
33
53
70
61
12
-10
-17
47
64
-21
43
44
71
58
26
50
50
-3
24
58
33
26
-10
39
0
0
0
0
-20
8
8
-45
-49
-48
-32
-63
-61
-54
-96
-16
-35
-13
-3
-60
-19
-14
-55
-72
-37
-57
-11
-9
-9
-24
-36
-1
0
0
0
0
20
32
25
-38
32
-17
-15
32
-6
-38
7
8
5
-2
12
-30
-10
23
29
-9
-47
-3
5
4
32
-1
-10
1
0
0
0
0
-28
-32
-69
-10
-65
-67
-65
-65
-59
-34
-26
-41
-5
-38
-61
-83
-47
-65
-37
-53
-60
-35
-59
-17
-43
-43
-35
-36
0
0
0
0
44
40
84
3
28
65
16
25
41
1
12
8
67
-22
35
12
-18
1
31
42
3
26
18
8
5
17
-3
-10
0
0
0
0
-54
-44
-32
-43
-33
-66
-18
-8
-90
-66
-46
-29
-57
-95
-35
-21
-23
-51
-51
-57
-50
-50
-75
-63
-51
-83
-25
-14
0
0
0
0
-6
23
10
-12
-11
-34
-14
26
-29
-34
6
19
-1
-20
12
14
7
36
-29
26
8
-21
19
-21
-41
-20
-25
-22
0
0
0
0
-24
-34
-8
-71
-86
-102
-74
-49
-71
-72
-26
-43
-52
-46
-30
-57
-23
-38
-70
-40
-43
-67
-59
-36
-71
-49
-45
-38
0
0
0
0
36
44
88
58
39
68
6
45
54
58
38
61
10
32
30
30
16
-16
30
28
23
31
21
31
52
6
-1
63
0
0
0
0
-10
-40
-60
-32
-39
-18
-5
-49
-26
-8
-55
-75
-56
-58
-51
-59
-68
-74
-16
-41
-39
-33
-20
4
-42
-5
23
-38
0
0
0
0
25
11
9
-50
8
-8
-9
-5
-30
50
8
-35
-20
-2
3
-38
-53
-20
0
-5
3
-14
35
-48
-30
-6
-16
-11
0
0
0
0
-32
-46
-63
-86
-46
-34
-41
-31
-59
-35
-38
-68
-79
-32
-66
-70
-43
-63
-65
-32
-55
-44
-49
-75
-51
-44
-42
-3
0
0
0
0
28
39
63
26
32
3
56
22
12
34
25
47
54
18
88
83
39
13
89
4
31
88
15
50
7
-25
1
-16
0
0
0
0
-45
-33
-6
3
-93
-101
-53
-43
-44
-14
5
6
-25
-32
-42
-38
-10
-32
-40
-29
-37
-64
-54
-59
-77
-83
-20
-29
0
0
0
0
1
17
27
10
9
-22
6
17
-40
35
16
-17
3
-1
6
-5
24
-40
20
0
-10
-10
35
-34
-15
-29
-34
25
0
0
0
0
-41
-73
-42
-62
-46
-36
-16
-85
-22
-65
-88
-67
-44
-71
-23
-36
-72
-66
-48
-44
-50
-54
-46
-32
-50
-30
-32
-41
0
0
0
0
-8
28
55
18
24
5
38
55
13
-13
67
65
47
19
34
45
45
47
11
69
69
44
67
51
9
7
-28
6
0
0
0
0
-22
-4
-47
-71
-66
-63
-11
-29
-69
-10
-23
-52
-75
-47
-77
-82
-21
-44
-27
-10
-36
-29
-27
-69
-84
-23
-25
-51
0
0
0
0
26
18
15
-43
-23
12
3
-16
-19
14
-36
-21
15
-41
14
-2
-26
-23
7
-28
-33
30
-6
-21
-23
-10
-43
-29
0
0
0
0
-49
-33
2
-26
-84
-71
-76
-94
-46
-63
-28
-10
-32
-69
-61
-69
-81
-22
-70
-63
-38
-65
-55
-70
-57
-46
-47
-24
0
0
0
0
40
50
20
44
37
10
26
52
18
56
84
29
86
69
25
29
25
26
24
71
35
46
16
35
61
11
27
-5
0
0
0
0
-31
-65
-75
-62
-21
-16
-18
14
-5
-43
-31
-41
-25
-36
-5
-34
-33
-54
-70
-19
-35
-32
-44
-10
-2
-33
-22
-35
0
0
0
0
3
16
20
-14
22
13
-42
0
-1
-48
12
20
6
21
5
16
27
-11
-25
17
-18
20
6
2
64
-28
-37
15
0
0
0
0
-16
-29
-49
-47
-50
-60
-53
-50
-67
-41
-36
-48
-22
-42
-62
-28
-18
-50
-41
-40
-66
-52
-50
-37
-21
-35
-42
-36
0
0
0
0
53
30
17
44
15
47
50
-9
83
34
17
10
44
26
56
51
-9
29
11
17
24
-10
10
-21
4
37
-11
-16
0
0
0
0
-64
-53
-9
-18
-70
-42
-56
-83
-38
-65
-34
-37
-56
-6
-33
-72
-66
-36
-63
-41
-37
-90
-61
-51
-61
-25
-16
-35
0
0
0
0
2
39
-11
-16
-2
-20
-34
-19
-10
20
-1
1
1
1
27
-18
-4
-11
43
-17
12
-13
-67
-18
5
-39
1
-6
0
0
0
0
-19
-85
-84
-58
-44
-61
-58
-35
-33
-60
-61
-68
-60
-59
-32
-28
-63
-53
-75
-66
-24
-56
-89
-45
-66
-61
-24
-15
0
0
0
0
19
71
78
22
41
72
64
21
6
61
-7
59
14
20
52
19
50
42
39
37
29
101
61
15
25
22
14
26
0
0
0
0
-19
21
8
-25
-88
-24
-32
-80
-28
-39
-40
-15
-29
-54
-49
-36
-34
10
0
2
-23
-58
-25
-19
-15
-24
-26
-46
0
0
0
0
-3
37
-4
-65
3
19
-3
32
12
-27
-43
-27
-28
-51
32
-13
-26
6
-13
-11
-17
-6
-16
13
5
-40
-10
-12
0
0
0
0
-36
-37
-27
-60
-63
-50
-42
-50
-66
-45
-79
-72
-83
-30
-60
-82
-48
-59
-58
-50
-65
-60
-49
-45
-67
-13
-35
-36
0
0
0
0
20
53
55
-21
9
6
79
9
45
45
64
25
53
36
2
73
36
19
102
47
17
66
54
31
57
16
13
47
0
0
0
0
-42
-65
-70
-70
-27
-40
1
-5
-64
-65
-22
-48
-66
-36
-22
-10
-16
-34
-69
-52
-44
-54
-24
-1
-65
-47
-7
-32
0
0
0
0
10
40
22
-16
-1
11
22
-5
-25
6
3
11
-23
-11
2
2
-15
22
-20
-2
-2
19
4
12
-46
-34
1
-5
0
0
0
0
-24
-3
-25
-51
-44
-54
-53
-81
-54
-53
-16
-22
-22
-54
-60
-36
-66
-34
-21
-69
-40
-34
-32
-57
-61
-73
-22
-23
0
0
0
0
19
-3
36
56
-2
45
16
47
33
-15
-1
35
-16
14
2
17
-19
-18
29
27
51
9
49
66
45
-27
-14
24
0
0
0
0
-30
-73
-13
-44
-69
-9
-57
-42
-46
-53
-57
-84
-41
-62
-70
-47
-60
-39
-23
6
-26
-84
-71
-48
-24
-34
-16
-18
0
0
0
0
16
35
-21
12
-32
-28
12
-46
1
4
5
9
50
-24
2
16
-37
8
37
15
10
-19
-4
-7
-4
-15
-26
-13
0
0
0
0
-41
-59
-68
-39
-77
-54
-46
-32
-66
-51
-67
-58
-52
-33
-46
-35
-34
-78
-67
-53
-67
-77
-28
-55
-51
-57
-37
-54
0
0
0
0
28
65
65
88
63
38
66
44
54
-2
65
11
34
69
6
46
29
9
57
44
63
31
46
50
45
27
-18
15
0
0
0
0
5
-21
-8
-9
-28
-41
-73
-63
-36
-55
-14
20
-24
-59
-54
-102
-90
4
-50
-38
-1
-71
-55
-36
-72
-76
-23
-18
0
0
0
0
22
-20
-30
23
27
-45
1
-13
12
-31
-37
18
-29
6
-9
-14
-19
-34
-21
-17
-3
-11
-5
18
-34
-43
-31
-41
0
0
0
0
-35
-50
-54
-43
-36
-52
-41
-62
-22
-51
-43
-70
-59
-71
-32
-40
-56
-46
-44
-48
-56
-65
-56
-79
-57
-52
-63
-12
0
0
0
0
57
32
38
-7
36
82
0
44
5
45
28
38
78
29
40
104
34
90
54
36
40
78
28
52
49
-19
41
20
0
0
0
0
-47
-59
-27
-29
-54
-51
-16
-27
-60
-18
-24
-3
7
-19
-8
34
-31
-50
-36
-47
-45
-41
-14
-3
-42
-15
17
-73
0
0
0
0
33
12
-2
18
-24
15
18
-3
13
6
1
-2
8
1
5
34
14
4
29
-14
-32
19
-20
-39
41
-5
-13
-21
0
0
0
0
-26
-42
-2
-74
-51
-57
-79
-22
-65
-35
-49
-34
5
-58
-66
-43
-54
-31
-46
-42
-36
-63
-84
-57
-47
-48
-27
-13
0
0
0
0
23
31
0
32
4
7
31
2
-26
44
27
-8
-10
42
64
-19
75
30
41
65
26
40
87
-10
23
22
-1
-14
0
0
0
0
-23
-70
-60
-37
-57
-28
-67
-63
-67
-51
-26
-63
-64
-59
-31
-30
-39
-24
-32
-43
-60
-35
-40
-71
-39
-81
-19
-8
0
0
0
0
15
31
3
-41
2
3
-18
-46
-4
-15
-3
17
-26
-29
22
-16
-40
36
15
-39
6
37
-15
-16
-21
-33
-10
9
0
0
0
0
-43
-27
-43
-61
-61
-58
-52
-62
-56
-57
-39
-58
-68
-36
-8
-68
-43
-68
-52
-102
-57
-52
-35
-39
-62
-28
-49
-52
0
0
0
0
24
39
41
45
22
21
67
1
27
20
66
41
19
27
31
76
-9
20
66
36
-20
28
80
19
15
37
-39
37
0
0
0
0
-55
-40
2
-17
-3
-52
-49
-18
-60
-5
-28
-10
-11
-57
-18
-39
-86
-13
-34
-26
-5
-46
-22
-65
-49
-66
1
-14
0
0
0
0
9
-1
-3
11
-20
0
21
-30
-16
-5
29
-42
-20
22
-13
9
-7
-12
21
-30
-21
13
18
-8
-5
-9
-26
-21
0
0
0
0
-26
-41
-36
-54
-88
-41
-17
-69
-49
-56
-38
-77
-76
-28
-67
-50
-26
-42
-47
-36
-74
-68
-46
-62
-58
-31
-75
-10
0
0
0
0
38
3
56
42
12
43
-7
112
21
19
47
63
61
41
24
65
46
-3
91
-9
57
-5
8
58
31
-26
37
40
0
0
0
0
-65
-59
-20
-42
-11
-18
-52
-21
-71
-47
-33
-42
-29
-106
-26
-17
-91
-15
-77
-101
-34
-83
-19
-9
-23
-31
-10
-41
0
0
0
0
7
11
-16
-12
-4
19
-3
10
-12
-13
12
-11
-26
-4
-38
-2
-15
5
17
-15
-23
15
-17
-2
20
-35
-18
2
0
0
0
0
-16
-43
-43
-49
-45
-38
-78
-24
-55
-57
-57
-54
-42
-62
-43
-67
-84
-50
-21
-83
6
-46
-59
-47
-71
-68
-8
-23
0
0
0
0
-3
40
24
26
10
26
63
34
78
9
80
60
18
60
44
69
16
9
49
42
17
13
40
21
20
21
-56
12
0
0
0
0
-68
-35
-2
-36
-41
-28
-14
-21
-27
-11
-38
-42
-40
-19
-87
-40
-2
-60
-31
-52
-44
-50
-81
-54
-38
-56
-30
-35
0
0
0
0
8
18
19
-12
4
-7
-19
26
-13
14
-10
-15
32
-3
-34
-15
11
5
-13
13
38
-22
-15
-24
-1
-54
-9
6
0
0
0
0
-53
-34
-39
-43
-32
-69
-28
-65
-45
-101
-30
-54
-43
-58
-64
-42
-45
-74
-56
-17
-68
-82
-26
-16
-56
-39
-49
-22
0
0
0
0
23
-13
94
37
-7
56
29
63
56
89
64
19
102
17
70
19
36
27
-3
70
70
38
31
-14
82
-7
-41
-6
0
0
0
0
-31
-50
-14
-52
-62
-16
-59
-17
-31
-10
-53
-58
-62
-61
-28
-72
-48
-49
-65
-18
-12
-46
-32
-85
-25
-49
-50
-18
0
0
0
0
17
31
-13
-4
-24
14
-19
-3
7
-7
31
-50
16
-4
-13
36
-31
-16
-19
8
2
-15
10
-28
34
0
-64
-6
0
0
0
0
-16
-38
-1
-57
-65
-63
-64
-58
-41
-37
-55
-49
-34
-76
-36
-57
-27
-62
-43
-52
-47
-34
-95
-70
-18
-38
-45
-40
0
0
0
0
5
44
31
73
56
13
18
38
76
87
70
28
26
43
39
19
32
45
17
-20
58
40
14
32
-27
62
4
21
0
0
0
0
-51
-23
-33
-32
-20
-54
-11
-11
-40
-44
-52
-57
-22
-26
-40
15
-72
-41
-21
-56
-22
-71
-46
-13
-16
-57
4
-12
0
0
0
0
12
-9
47
-14
-12
-1
-18
6
-23
26
-27
-23
2
12
-21
38
8
-27
38
-19
8
-2
-19
-12
-13
-35
-11
-5
0
0
0
0
-20
-29
-25
-38
-74
-59
-68
-61
-33
-53
-58
-75
-72
-61
-71
-58
-45
-55
-40
-54
-42
-47
-65
-30
-84
-37
-66
14
0
0
0
0
15
11
37
28
78
17
63
41
51
47
70
56
-28
43
53
6
112
3
84
65
-6
29
81
15
21
-3
1
6
0
0
0
0
-56
-5
-1
-42
-29
-17
-54
-23
-46
-74
-28
-52
-54
-13
1
-27
-53
-36
-29
-77
-35
-41
-30
-28
-65
-39
4
-35
0
0
0
0
36
5
4
25
-17
8
-14
7
-3
-10
35
-43
-32
-3
17
-14
-43
13
5
-61
-27
-8
32
-14
-32
-23
0
13
0
0
0
0
-30
-54
-43
-49
-34
-70
-41
-52
-55
-59
-47
-52
-98
-42
-32
-67
-53
-63
-30
-91
-85
-39
-41
-32
-20
-37
-14
-21
0
0
0
0
-16
-26
-34
-28
-52
-4
-12
-51
-55
-72
-35
-40
-21
-28
-25
-21
-23
-15
-62
-30
-25
-10
-9
-53
-62
-7
-33
-33
0
0
0
0
2
-4
-7
-14
3
-30
-24
-46
-8
-27
-38
-16
13
-6
-18
-27
-28
-35
-15
-13
-21
-67
-43
-14
-13
-38
-52
-10
0
0
0
0
-10
-15
-20
-25
-6
-42
-63
-23
-23
-42
-28
-36
-10
-65
-45
-42
-17
-46
-50
-10
-28
-25
-48
-34
-50
-14
7
-10
0
0
0
0
32
30
20
38
16
61
57
22
53
11
16
19
22
-5
29
69
41
29
95
60
31
40
19
60
17
-22
-41
-14
0
0
0
0
3
10
25
1
22
-3
11
10
42
-29
-58
-18
-30
-8
-46
-14
-4
-66
-11
24
5
-66
4
19
-9
-40
-70
22
0
0
0
0
-21
-60
-36
6
-28
-12
-49
-60
-19
-64
-36
-75
-18
-41
-32
-30
-25
-25
-40
-20
-38
-4
-66
-34
-34
-40
-4
-26
0
0
0
0
-5
-22
-24
-26
-4
0
-3
-48
-46
6
-27
-16
-7
39
2
-52
20
52
4
-37
-5
24
40
-31
-56
-5
-35
-5
0
0
0
0
-23
-19
21
-39
-73
-21
-31
-60
-46
-61
-73
-64
-35
12
-26
2
-3
-62
-5
-11
-34
-58
-79
-49
-44
-98
-55
-15
0
0
0
0
-35
-29
-7
-42
-27
-21
-51
-40
-33
-38
-68
-90
-62
-18
-55
-79
-70
-35
-16
-59
-35
-51
-44
-16
-11
-39
-6
27
0
0
0
0
-74
-42
-27
-41
-68
-46
-73
-63
-40
-84
-40
-56
-39
-14
-70
-30
-30
-49
-63
-76
-50
-25
-42
-32
-38
-56
1
14
0
0
0
0
-18
-35
-9
1
-27
-13
-43
-41
-11
-4
-3
-7
-2
-2
-13
-22
-24
0
13
-12
-2
-9
-32
-19
-13
-8
-4
1
0
0
0
0
1
3
-2
-31
7
21
15
15
-48
-8
-7
-21
-19
1
19
19
5
-17
42
15
-3
-9
1
2
6
-41
-10
-4
0
0
0
0
15
18
20
6
10
64
3
18
31
14
-14
25
46
22
18
10
3
40
8
9
35
-10
25
30
12
-7
-27
15
0
0
0
0
6
11
4
18
11
-24
-3
-22
28
-22
-33
-2
9
18
-55
-24
29
-67
-5
16
-21
-13
-18
-42
5
-50
-16
8
0
0
0
0
29
-29
-10
13
0
-19
-19
-19
-5
-7
4
16
-18
-15
13
-45
11
-12
19
-21
-18
16
0
-27
-24
12
17
1
0
0
0
0
